stock_id,stock_name,date,MarginPurchaseBuy,MarginPurchaseCashRepayment,MarginPurchaseLimit,MarginPurchaseSell,MarginPurchaseTodayBalance,MarginPurchaseYesterdayBalance,OffsetLoanAndShort,ShortSaleBuy,ShortSaleCashRepayment,ShortSaleLimit,ShortSaleSell,ShortSaleTodayBalance,ShortSaleYesterdayBalance,Note
2241,艾姆勒,2021-03-09,0.0,0.0,21196.0,0.0,0.0,0.0,0.0,0.0,0.0,21196.0,0.0,0.0,0.0, 
2241,艾姆勒,2021-03-10,71.0,0.0,21196.0,0.0,71.0,0.0,2.0,0.0,0.0,21196.0,0.0,0.0,0.0, 
2241,艾姆勒,2021-03-11,46.0,0.0,21196.0,1.0,116.0,71.0,0.0,0.0,0.0,21196.0,0.0,0.0,0.0, 
2241,艾姆勒,2021-03-12,6.0,0.0,21196.0,23.0,99.0,116.0,0.0,0.0,0.0,21196.0,0.0,0.0,0.0, 
2241,艾姆勒,2021-03-15,57.0,0.0,21196.0,16.0,140.0,99.0,0.0,0.0,0.0,21196.0,0.0,0.0,0.0, 
2241,艾姆勒,2021-03-16,86.0,0.0,21196.0,14.0,212.0,140.0,0.0,0.0,0.0,21196.0,0.0,0.0,0.0, 
2241,艾姆勒,2021-03-17,25.0,0.0,21196.0,19.0,218.0,212.0,0.0,0.0,0.0,21196.0,0.0,0.0,0.0, 
2241,艾姆勒,2021-03-18,12.0,0.0,21196.0,44.0,186.0,218.0,0.0,0.0,0.0,21196.0,0.0,0.0,0.0,X 
2241,艾姆勒,2021-03-19,156.0,0.0,21196.0,15.0,327.0,186.0,0.0,0.0,0.0,21196.0,0.0,0.0,0.0,X 
2241,艾姆勒,2021-03-22,84.0,0.0,21196.0,125.0,286.0,327.0,0.0,0.0,0.0,21196.0,0.0,0.0,0.0,X 
2241,艾姆勒,2021-03-23,660.0,0.0,21196.0,51.0,895.0,286.0,0.0,0.0,0.0,21196.0,0.0,0.0,0.0,X 
2241,艾姆勒,2021-03-24,112.0,0.0,21196.0,144.0,863.0,895.0,0.0,0.0,0.0,21196.0,0.0,0.0,0.0, 
2241,艾姆勒,2021-03-25,54.0,0.0,21196.0,62.0,855.0,863.0,1.0,0.0,0.0,21196.0,0.0,0.0,0.0, 
2241,艾姆勒,2021-03-26,46.0,0.0,21196.0,20.0,881.0,855.0,0.0,0.0,0.0,21196.0,1.0,1.0,0.0, 
2241,艾姆勒,2021-03-29,16.0,0.0,21196.0,117.0,780.0,881.0,0.0,1.0,0.0,21196.0,0.0,0.0,1.0, 
2241,艾姆勒,2021-03-30,30.0,0.0,21196.0,40.0,770.0,780.0,0.0,0.0,0.0,21196.0,1.0,1.0,0.0, 
2241,艾姆勒,2021-03-31,16.0,0.0,21196.0,44.0,742.0,770.0,0.0,1.0,0.0,21196.0,0.0,0.0,1.0, 
2241,艾姆勒,2021-04-01,94.0,0.0,21196.0,19.0,817.0,742.0,0.0,0.0,0.0,21196.0,0.0,0.0,0.0, 
2241,艾姆勒,2021-04-06,41.0,0.0,21196.0,6.0,852.0,817.0,0.0,0.0,0.0,21196.0,0.0,0.0,0.0, 
2241,艾姆勒,2021-04-07,333.0,0.0,21196.0,119.0,1066.0,852.0,1.0,0.0,0.0,21196.0,0.0,0.0,0.0, 
2241,艾姆勒,2021-04-08,54.0,0.0,21196.0,180.0,940.0,1066.0,0.0,0.0,0.0,21196.0,0.0,0.0,0.0, 
2241,艾姆勒,2021-04-09,37.0,0.0,21196.0,161.0,816.0,940.0,0.0,0.0,0.0,21196.0,0.0,0.0,0.0, 
2241,艾姆勒,2021-04-12,18.0,0.0,21196.0,107.0,727.0,816.0,0.0,0.0,0.0,21196.0,0.0,0.0,0.0, 
2241,艾姆勒,2021-04-13,29.0,0.0,21196.0,99.0,657.0,727.0,0.0,0.0,0.0,21196.0,0.0,0.0,0.0, 
2241,艾姆勒,2021-04-14,56.0,0.0,22400.0,98.0,615.0,657.0,0.0,0.0,0.0,22400.0,0.0,0.0,0.0, 
2241,艾姆勒,2021-04-15,5.0,0.0,22400.0,54.0,566.0,615.0,0.0,0.0,0.0,22400.0,0.0,0.0,0.0, 
2241,艾姆勒,2021-04-16,6.0,0.0,22400.0,7.0,565.0,566.0,0.0,0.0,0.0,22400.0,0.0,0.0,0.0, 
2241,艾姆勒,2021-04-19,37.0,0.0,22400.0,92.0,510.0,565.0,0.0,0.0,0.0,22400.0,0.0,0.0,0.0, 
2241,艾姆勒,2021-04-20,34.0,0.0,22400.0,27.0,517.0,510.0,0.0,0.0,0.0,22400.0,0.0,0.0,0.0, 
2241,艾姆勒,2021-04-21,27.0,0.0,22400.0,48.0,496.0,517.0,0.0,0.0,0.0,22400.0,0.0,0.0,0.0, 
2241,艾姆勒,2021-04-22,7.0,0.0,22400.0,11.0,492.0,496.0,0.0,0.0,0.0,22400.0,0.0,0.0,0.0, 
2241,艾姆勒,2021-04-23,2.0,0.0,22400.0,4.0,490.0,492.0,0.0,0.0,0.0,22400.0,0.0,0.0,0.0, 
