stock_id,stock_name,date,MarginPurchaseBuy,MarginPurchaseCashRepayment,MarginPurchaseLimit,MarginPurchaseSell,MarginPurchaseTodayBalance,MarginPurchaseYesterdayBalance,OffsetLoanAndShort,ShortSaleBuy,ShortSaleCashRepayment,ShortSaleLimit,ShortSaleSell,ShortSaleTodayBalance,ShortSaleYesterdayBalance,Note
2754,亞洲藏壽司,2021-03-22,0.0,0.0,11446.0,0.0,0.0,0.0,0.0,0.0,0.0,11446.0,0.0,0.0,0.0,X
2754,亞洲藏壽司,2021-03-23,50.0,0.0,11446.0,0.0,50.0,0.0,0.0,0.0,0.0,11446.0,0.0,0.0,0.0,
2754,亞洲藏壽司,2021-03-24,17.0,0.0,11446.0,0.0,67.0,50.0,0.0,0.0,0.0,11446.0,0.0,0.0,0.0,
2754,亞洲藏壽司,2021-03-25,60.0,0.0,11446.0,1.0,126.0,67.0,0.0,0.0,0.0,11446.0,0.0,0.0,0.0,
2754,亞洲藏壽司,2021-03-26,32.0,0.0,11446.0,1.0,157.0,126.0,0.0,0.0,0.0,11446.0,0.0,0.0,0.0,
2754,亞洲藏壽司,2021-03-29,20.0,0.0,11446.0,0.0,177.0,157.0,0.0,0.0,0.0,11446.0,0.0,0.0,0.0,
2754,亞洲藏壽司,2021-03-30,13.0,0.0,11446.0,1.0,189.0,177.0,0.0,0.0,0.0,11446.0,0.0,0.0,0.0,
2754,亞洲藏壽司,2021-03-31,15.0,0.0,11446.0,0.0,204.0,189.0,0.0,0.0,0.0,11446.0,0.0,0.0,0.0,
2754,亞洲藏壽司,2021-04-01,7.0,0.0,11446.0,0.0,211.0,204.0,0.0,0.0,0.0,11446.0,0.0,0.0,0.0,
2754,亞洲藏壽司,2021-04-06,25.0,0.0,11446.0,0.0,236.0,211.0,0.0,0.0,0.0,11446.0,0.0,0.0,0.0,
2754,亞洲藏壽司,2021-04-07,3.0,0.0,11446.0,4.0,235.0,236.0,0.0,0.0,0.0,11446.0,0.0,0.0,0.0,
2754,亞洲藏壽司,2021-04-08,23.0,0.0,11446.0,3.0,255.0,235.0,0.0,0.0,0.0,11446.0,0.0,0.0,0.0,
2754,亞洲藏壽司,2021-04-09,27.0,0.0,11446.0,2.0,280.0,255.0,0.0,0.0,0.0,11446.0,0.0,0.0,0.0,
2754,亞洲藏壽司,2021-04-12,58.0,0.0,11446.0,5.0,333.0,280.0,0.0,0.0,0.0,11446.0,0.0,0.0,0.0,
2754,亞洲藏壽司,2021-04-13,2.0,0.0,11446.0,1.0,334.0,333.0,0.0,0.0,0.0,11446.0,0.0,0.0,0.0,
2754,亞洲藏壽司,2021-04-14,14.0,0.0,11449.0,8.0,340.0,334.0,0.0,0.0,0.0,11449.0,0.0,0.0,0.0,
2754,亞洲藏壽司,2021-04-15,1.0,0.0,11449.0,0.0,341.0,340.0,0.0,0.0,0.0,11449.0,0.0,0.0,0.0,
2754,亞洲藏壽司,2021-04-16,3.0,0.0,11449.0,1.0,343.0,341.0,0.0,0.0,0.0,11449.0,0.0,0.0,0.0,
2754,亞洲藏壽司,2021-04-19,6.0,0.0,11449.0,14.0,335.0,343.0,0.0,0.0,0.0,11449.0,0.0,0.0,0.0,
2754,亞洲藏壽司,2021-04-20,7.0,0.0,11449.0,1.0,341.0,335.0,0.0,0.0,0.0,11449.0,0.0,0.0,0.0,
2754,亞洲藏壽司,2021-04-21,6.0,0.0,11449.0,6.0,341.0,341.0,0.0,0.0,0.0,11449.0,0.0,0.0,0.0,X
2754,亞洲藏壽司,2021-04-22,6.0,0.0,11449.0,7.0,340.0,341.0,0.0,0.0,0.0,11449.0,0.0,0.0,0.0,X
2754,亞洲藏壽司,2021-04-23,0.0,0.0,11449.0,0.0,340.0,340.0,0.0,0.0,0.0,11449.0,0.0,0.0,0.0,X
