stock_id,stock_name,date,MarginPurchaseBuy,MarginPurchaseCashRepayment,MarginPurchaseLimit,MarginPurchaseSell,MarginPurchaseTodayBalance,MarginPurchaseYesterdayBalance,OffsetLoanAndShort,ShortSaleBuy,ShortSaleCashRepayment,ShortSaleLimit,ShortSaleSell,ShortSaleTodayBalance,ShortSaleYesterdayBalance,Note
3543,州巧,2020-10-22,0.0,0.0,22507.0,0.0,0.0,0.0,0.0,0.0,0.0,22507.0,0.0,0.0,0.0, 
3543,州巧,2020-10-23,753.0,0.0,22507.0,0.0,753.0,0.0,12.0,0.0,0.0,22507.0,0.0,0.0,0.0, 
3543,州巧,2020-10-26,583.0,0.0,22507.0,437.0,899.0,753.0,7.0,0.0,0.0,22507.0,1.0,1.0,0.0, 
3543,州巧,2020-10-27,317.0,0.0,22507.0,146.0,1070.0,899.0,0.0,1.0,0.0,22507.0,0.0,0.0,1.0, 
3543,州巧,2020-10-28,33.0,0.0,22507.0,49.0,1054.0,1070.0,0.0,0.0,0.0,22507.0,2.0,2.0,0.0, 
3543,州巧,2020-10-29,22.0,0.0,22507.0,67.0,1009.0,1054.0,0.0,2.0,0.0,22507.0,0.0,0.0,2.0, 
3543,州巧,2020-10-30,10.0,0.0,22507.0,29.0,990.0,1009.0,1.0,0.0,0.0,22507.0,0.0,0.0,0.0, 
3543,州巧,2020-11-02,8.0,0.0,22507.0,67.0,931.0,990.0,0.0,0.0,0.0,22507.0,0.0,0.0,0.0, 
3543,州巧,2020-11-03,319.0,0.0,22507.0,30.0,1220.0,931.0,0.0,0.0,0.0,22507.0,0.0,0.0,0.0, 
3543,州巧,2020-11-04,16.0,0.0,22507.0,11.0,1225.0,1220.0,0.0,0.0,0.0,22507.0,0.0,0.0,0.0, 
3543,州巧,2020-11-05,16.0,0.0,22507.0,15.0,1226.0,1225.0,0.0,0.0,0.0,22507.0,0.0,0.0,0.0, 
3543,州巧,2020-11-06,5.0,0.0,22507.0,3.0,1228.0,1226.0,0.0,0.0,0.0,22507.0,3.0,3.0,0.0, 
3543,州巧,2020-11-09,52.0,0.0,22507.0,26.0,1254.0,1228.0,0.0,3.0,0.0,22507.0,8.0,8.0,3.0, 
3543,州巧,2020-11-10,20.0,0.0,22507.0,19.0,1255.0,1254.0,0.0,0.0,0.0,22507.0,0.0,8.0,8.0, 
3543,州巧,2020-11-11,15.0,0.0,22507.0,11.0,1259.0,1255.0,0.0,0.0,0.0,22507.0,0.0,8.0,8.0, 
3543,州巧,2020-11-12,4.0,0.0,22507.0,3.0,1260.0,1259.0,0.0,2.0,0.0,22507.0,0.0,6.0,8.0, 
3543,州巧,2020-11-13,22.0,0.0,22507.0,2.0,1280.0,1260.0,0.0,0.0,0.0,22507.0,0.0,6.0,6.0, 
3543,州巧,2020-11-16,10.0,0.0,22507.0,28.0,1262.0,1280.0,0.0,0.0,0.0,22507.0,0.0,6.0,6.0, 
3543,州巧,2020-11-17,6.0,0.0,22507.0,20.0,1248.0,1262.0,0.0,0.0,0.0,22507.0,0.0,6.0,6.0, 
3543,州巧,2020-11-18,8.0,0.0,22507.0,6.0,1250.0,1248.0,0.0,0.0,0.0,22507.0,4.0,10.0,6.0, 
3543,州巧,2020-11-19,2.0,0.0,22507.0,41.0,1211.0,1250.0,0.0,0.0,0.0,22507.0,0.0,10.0,10.0, 
3543,州巧,2020-11-20,9.0,0.0,22507.0,3.0,1217.0,1211.0,0.0,0.0,0.0,22507.0,0.0,10.0,10.0, 
3543,州巧,2020-11-23,27.0,0.0,22507.0,15.0,1229.0,1217.0,0.0,0.0,0.0,22507.0,0.0,10.0,10.0, 
3543,州巧,2020-11-24,4.0,0.0,22507.0,20.0,1213.0,1229.0,0.0,1.0,0.0,22507.0,0.0,9.0,10.0, 
3543,州巧,2020-11-25,22.0,0.0,22507.0,15.0,1220.0,1213.0,0.0,0.0,0.0,22507.0,0.0,9.0,9.0, 
3543,州巧,2020-11-26,110.0,0.0,22507.0,34.0,1296.0,1220.0,0.0,0.0,0.0,22507.0,0.0,9.0,9.0, 
3543,州巧,2020-11-27,195.0,0.0,22507.0,82.0,1409.0,1296.0,2.0,0.0,0.0,22507.0,0.0,9.0,9.0, 
3543,州巧,2020-11-30,68.0,0.0,22507.0,73.0,1404.0,1409.0,0.0,1.0,0.0,22507.0,0.0,8.0,9.0, 
3543,州巧,2020-12-01,654.0,0.0,22507.0,131.0,1927.0,1404.0,0.0,4.0,0.0,22507.0,8.0,12.0,8.0, 
3543,州巧,2020-12-02,132.0,0.0,22507.0,279.0,1780.0,1927.0,0.0,10.0,0.0,22507.0,1.0,3.0,12.0, 
3543,州巧,2020-12-03,201.0,0.0,22507.0,168.0,1813.0,1780.0,5.0,0.0,0.0,22507.0,1.0,4.0,3.0, 
3543,州巧,2020-12-04,204.0,0.0,22507.0,201.0,1816.0,1813.0,18.0,0.0,0.0,22507.0,16.0,20.0,4.0, 
3543,州巧,2020-12-07,57.0,0.0,22507.0,76.0,1797.0,1816.0,0.0,3.0,0.0,22507.0,51.0,68.0,20.0, 
3543,州巧,2020-12-08,32.0,0.0,22507.0,52.0,1777.0,1797.0,0.0,5.0,0.0,22507.0,8.0,71.0,68.0, 
3543,州巧,2020-12-09,41.0,0.0,22507.0,29.0,1789.0,1777.0,0.0,0.0,0.0,22507.0,4.0,75.0,71.0, 
3543,州巧,2020-12-10,21.0,0.0,22507.0,72.0,1738.0,1789.0,0.0,1.0,0.0,22507.0,0.0,74.0,75.0, 
3543,州巧,2020-12-11,25.0,0.0,22507.0,56.0,1707.0,1738.0,2.0,0.0,0.0,22507.0,0.0,74.0,74.0, 
3543,州巧,2020-12-14,39.0,0.0,22507.0,13.0,1733.0,1707.0,0.0,0.0,0.0,22507.0,0.0,74.0,74.0, 
3543,州巧,2020-12-15,92.0,0.0,22507.0,47.0,1778.0,1733.0,0.0,0.0,0.0,22507.0,0.0,74.0,74.0, 
3543,州巧,2020-12-16,163.0,0.0,22507.0,12.0,1929.0,1778.0,0.0,0.0,0.0,22507.0,0.0,74.0,74.0, 
3543,州巧,2020-12-17,41.0,0.0,22507.0,23.0,1947.0,1929.0,3.0,0.0,0.0,22507.0,0.0,74.0,74.0, 
3543,州巧,2020-12-18,61.0,0.0,22507.0,12.0,1996.0,1947.0,1.0,0.0,0.0,22507.0,0.0,74.0,74.0, 
3543,州巧,2020-12-21,32.0,0.0,22507.0,33.0,1995.0,1996.0,0.0,0.0,0.0,22507.0,0.0,74.0,74.0, 
3543,州巧,2020-12-22,44.0,0.0,22507.0,65.0,1974.0,1995.0,0.0,0.0,0.0,22507.0,0.0,74.0,74.0, 
3543,州巧,2020-12-23,12.0,0.0,22507.0,58.0,1928.0,1974.0,0.0,0.0,0.0,22507.0,0.0,74.0,74.0, 
3543,州巧,2020-12-24,13.0,0.0,22507.0,10.0,1931.0,1928.0,0.0,0.0,0.0,22507.0,0.0,74.0,74.0, 
3543,州巧,2020-12-25,288.0,0.0,22507.0,9.0,2210.0,1931.0,0.0,0.0,0.0,22507.0,0.0,74.0,74.0, 
3543,州巧,2020-12-28,26.0,0.0,22507.0,57.0,2179.0,2210.0,0.0,0.0,0.0,22507.0,0.0,74.0,74.0, 
3543,州巧,2020-12-29,6.0,0.0,22507.0,15.0,2170.0,2179.0,0.0,0.0,0.0,22507.0,0.0,74.0,74.0, 
3543,州巧,2020-12-30,91.0,0.0,22507.0,7.0,2254.0,2170.0,0.0,0.0,0.0,22507.0,0.0,74.0,74.0, 
3543,州巧,2020-12-31,357.0,0.0,22507.0,111.0,2500.0,2254.0,0.0,0.0,0.0,22507.0,6.0,80.0,74.0, 
3543,州巧,2021-01-04,132.0,0.0,22507.0,38.0,2594.0,2500.0,0.0,0.0,0.0,22507.0,0.0,80.0,80.0, 
3543,州巧,2021-01-05,14.0,0.0,22507.0,20.0,2588.0,2594.0,0.0,0.0,0.0,22507.0,0.0,80.0,80.0, 
3543,州巧,2021-01-06,99.0,0.0,22507.0,57.0,2630.0,2588.0,0.0,0.0,0.0,22507.0,0.0,80.0,80.0, 
3543,州巧,2021-01-07,281.0,0.0,22507.0,16.0,2895.0,2630.0,0.0,0.0,0.0,22507.0,0.0,80.0,80.0, 
3543,州巧,2021-01-08,894.0,0.0,22507.0,222.0,3567.0,2895.0,10.0,0.0,0.0,22507.0,46.0,126.0,80.0, 
3543,州巧,2021-01-11,349.0,0.0,22507.0,390.0,3526.0,3567.0,3.0,0.0,0.0,22507.0,28.0,154.0,126.0, 
3543,州巧,2021-01-12,162.0,0.0,22507.0,309.0,3379.0,3526.0,14.0,17.0,0.0,22507.0,4.0,141.0,154.0, 
3543,州巧,2021-01-13,170.0,0.0,22507.0,52.0,3497.0,3379.0,19.0,7.0,0.0,22507.0,40.0,174.0,141.0, 
3543,州巧,2021-01-14,44.0,0.0,22507.0,34.0,3507.0,3497.0,0.0,4.0,0.0,22507.0,5.0,175.0,174.0, 
3543,州巧,2021-01-15,78.0,0.0,22507.0,157.0,3428.0,3507.0,0.0,8.0,0.0,22507.0,18.0,185.0,175.0, 
3543,州巧,2021-01-18,37.0,0.0,22507.0,78.0,3387.0,3428.0,3.0,0.0,0.0,22507.0,34.0,219.0,185.0, 
3543,州巧,2021-01-19,53.0,0.0,22507.0,1.0,3439.0,3387.0,2.0,1.0,0.0,22507.0,6.0,224.0,219.0, 
3543,州巧,2021-01-20,33.0,0.0,22507.0,43.0,3429.0,3439.0,0.0,14.0,0.0,22507.0,3.0,213.0,224.0, 
3543,州巧,2021-01-21,22.0,0.0,22507.0,74.0,3377.0,3429.0,0.0,0.0,0.0,22507.0,5.0,218.0,213.0, 
3543,州巧,2021-01-22,50.0,0.0,22507.0,11.0,3416.0,3377.0,0.0,35.0,0.0,22507.0,0.0,183.0,218.0, 
3543,州巧,2021-01-25,43.0,0.0,22507.0,19.0,3440.0,3416.0,0.0,0.0,0.0,22507.0,1.0,184.0,183.0, 
3543,州巧,2021-01-26,16.0,0.0,22507.0,10.0,3446.0,3440.0,0.0,4.0,0.0,22507.0,0.0,180.0,184.0, 
3543,州巧,2021-01-27,32.0,0.0,22507.0,15.0,3463.0,3446.0,0.0,8.0,0.0,22507.0,2.0,174.0,180.0, 
3543,州巧,2021-01-28,32.0,0.0,22315.0,12.0,3483.0,3463.0,0.0,0.0,0.0,22315.0,4.0,178.0,174.0, 
3543,州巧,2021-01-29,102.0,0.0,22315.0,80.0,3505.0,3483.0,0.0,2.0,0.0,22315.0,4.0,180.0,178.0, 
3543,州巧,2021-02-01,21.0,0.0,22315.0,57.0,3469.0,3505.0,0.0,4.0,0.0,22315.0,1.0,177.0,180.0, 
3543,州巧,2021-02-02,7.0,0.0,22315.0,1.0,3475.0,3469.0,0.0,1.0,0.0,22315.0,0.0,176.0,177.0, 
3543,州巧,2021-02-03,7.0,0.0,22315.0,0.0,3482.0,3475.0,0.0,0.0,0.0,22315.0,3.0,179.0,176.0, 
3543,州巧,2021-02-04,10.0,0.0,22315.0,3.0,3489.0,3482.0,0.0,0.0,0.0,22315.0,6.0,185.0,179.0, 
3543,州巧,2021-02-05,5.0,0.0,22315.0,0.0,3494.0,3489.0,0.0,0.0,0.0,22315.0,7.0,192.0,185.0, 
3543,州巧,2021-02-17,35.0,0.0,22315.0,5.0,3524.0,3494.0,0.0,1.0,0.0,22315.0,2.0,193.0,192.0, 
3543,州巧,2021-02-18,22.0,0.0,22315.0,95.0,3451.0,3524.0,0.0,0.0,0.0,22315.0,1.0,194.0,193.0, 
3543,州巧,2021-02-19,30.0,0.0,22315.0,83.0,3398.0,3451.0,0.0,0.0,0.0,22315.0,0.0,194.0,194.0, 
3543,州巧,2021-02-22,21.0,0.0,22315.0,4.0,3415.0,3398.0,0.0,0.0,0.0,22315.0,1.0,195.0,194.0, 
3543,州巧,2021-02-23,10.0,0.0,22315.0,5.0,3420.0,3415.0,0.0,0.0,0.0,22315.0,0.0,195.0,195.0, 
3543,州巧,2021-02-24,19.0,0.0,22315.0,29.0,3410.0,3420.0,0.0,0.0,0.0,22315.0,4.0,199.0,195.0, 
3543,州巧,2021-02-25,8.0,0.0,22315.0,27.0,3391.0,3410.0,0.0,0.0,0.0,22315.0,0.0,199.0,199.0, 
3543,州巧,2021-02-26,19.0,0.0,22315.0,3.0,3407.0,3391.0,0.0,0.0,0.0,22315.0,0.0,199.0,199.0, 
3543,州巧,2021-03-02,1.0,0.0,22315.0,21.0,3387.0,3407.0,0.0,0.0,0.0,22315.0,1.0,200.0,199.0, 
3543,州巧,2021-03-03,8.0,0.0,22315.0,12.0,3383.0,3387.0,0.0,0.0,0.0,22315.0,0.0,200.0,200.0, 
3543,州巧,2021-03-04,2.0,0.0,22315.0,2.0,3383.0,3383.0,0.0,0.0,0.0,22315.0,0.0,200.0,200.0, 
3543,州巧,2021-03-05,18.0,0.0,22315.0,30.0,3371.0,3383.0,0.0,0.0,0.0,22315.0,1.0,201.0,200.0, 
3543,州巧,2021-03-08,10.0,0.0,22315.0,9.0,3372.0,3371.0,0.0,0.0,0.0,22315.0,0.0,201.0,201.0, 
3543,州巧,2021-03-09,3.0,0.0,22315.0,4.0,3371.0,3372.0,0.0,0.0,0.0,22315.0,1.0,202.0,201.0, 
3543,州巧,2021-03-10,3.0,0.0,22315.0,1.0,3373.0,3371.0,0.0,0.0,0.0,22315.0,2.0,204.0,202.0, 
3543,州巧,2021-03-11,15.0,0.0,22315.0,17.0,3371.0,3373.0,0.0,0.0,0.0,22315.0,5.0,209.0,204.0, 
3543,州巧,2021-03-12,13.0,0.0,22315.0,9.0,3375.0,3371.0,0.0,0.0,0.0,22315.0,21.0,230.0,209.0, 
3543,州巧,2021-03-15,9.0,0.0,22315.0,2.0,3382.0,3375.0,0.0,5.0,0.0,22315.0,0.0,225.0,230.0, 
3543,州巧,2021-03-16,13.0,0.0,22315.0,2.0,3393.0,3382.0,1.0,20.0,0.0,22315.0,0.0,205.0,225.0, 
3543,州巧,2021-03-17,9.0,0.0,22315.0,16.0,3386.0,3393.0,0.0,65.0,0.0,22315.0,0.0,140.0,205.0, 
3543,州巧,2021-03-18,36.0,0.0,22315.0,12.0,3410.0,3386.0,0.0,0.0,0.0,22315.0,0.0,140.0,140.0, 
3543,州巧,2021-03-19,3.0,0.0,22315.0,3.0,3410.0,3410.0,0.0,6.0,0.0,22315.0,0.0,134.0,140.0, 
3543,州巧,2021-03-22,42.0,0.0,22315.0,13.0,3439.0,3410.0,0.0,4.0,0.0,22315.0,0.0,130.0,134.0, 
3543,州巧,2021-03-23,38.0,0.0,22315.0,14.0,3463.0,3439.0,0.0,0.0,0.0,22315.0,2.0,132.0,130.0, 
3543,州巧,2021-03-24,37.0,0.0,22315.0,5.0,3495.0,3463.0,0.0,0.0,0.0,22315.0,0.0,132.0,132.0, 
3543,州巧,2021-03-25,36.0,0.0,22315.0,20.0,3511.0,3495.0,0.0,7.0,0.0,22315.0,0.0,125.0,132.0, 
3543,州巧,2021-03-26,5.0,0.0,22315.0,1.0,3515.0,3511.0,0.0,0.0,0.0,22315.0,0.0,125.0,125.0, 
3543,州巧,2021-03-29,16.0,0.0,22315.0,49.0,3482.0,3515.0,0.0,1.0,0.0,22315.0,0.0,124.0,125.0, 
3543,州巧,2021-03-30,14.0,0.0,22315.0,15.0,3481.0,3482.0,4.0,0.0,0.0,22315.0,1.0,125.0,124.0, 
3543,州巧,2021-03-31,10.0,0.0,22315.0,20.0,3471.0,3481.0,0.0,18.0,0.0,22315.0,0.0,107.0,125.0, 
3543,州巧,2021-04-01,16.0,0.0,22315.0,23.0,3464.0,3471.0,0.0,42.0,0.0,22315.0,0.0,65.0,107.0, 
3543,州巧,2021-04-06,25.0,0.0,22315.0,14.0,3475.0,3464.0,0.0,45.0,0.0,22315.0,0.0,20.0,65.0, 
3543,州巧,2021-04-07,19.0,0.0,22315.0,40.0,3454.0,3475.0,0.0,20.0,0.0,22315.0,0.0,0.0,20.0, 
3543,州巧,2021-04-08,41.0,0.0,22315.0,1.0,3494.0,3454.0,0.0,0.0,0.0,22315.0,0.0,0.0,0.0,X 
3543,州巧,2021-04-09,29.0,0.0,22315.0,14.0,3509.0,3494.0,0.0,0.0,0.0,22315.0,0.0,0.0,0.0,X 
3543,州巧,2021-04-12,37.0,0.0,22315.0,3.0,3543.0,3509.0,0.0,0.0,0.0,22315.0,0.0,0.0,0.0,X 
3543,州巧,2021-04-13,46.0,0.0,22315.0,15.0,3574.0,3543.0,0.0,0.0,0.0,22315.0,0.0,0.0,0.0,X 
3543,州巧,2021-04-14,5.0,0.0,22315.0,69.0,3510.0,3574.0,0.0,0.0,0.0,22315.0,0.0,0.0,0.0, 
3543,州巧,2021-04-15,6.0,0.0,22315.0,0.0,3516.0,3510.0,0.0,0.0,0.0,22315.0,63.0,63.0,0.0, 
3543,州巧,2021-04-16,16.0,420.0,22315.0,1.0,3111.0,3516.0,0.0,0.0,0.0,22315.0,10.0,73.0,63.0, 
3543,州巧,2021-04-19,0.0,1016.0,22315.0,5.0,2090.0,3111.0,0.0,0.0,0.0,22315.0,0.0,73.0,73.0, 
3543,州巧,2021-04-20,1.0,0.0,22315.0,14.0,2077.0,2090.0,0.0,0.0,0.0,22315.0,0.0,73.0,73.0, 
3543,州巧,2021-04-21,1.0,0.0,22315.0,5.0,2073.0,2077.0,0.0,0.0,0.0,22315.0,0.0,73.0,73.0, 
3543,州巧,2021-04-22,12.0,0.0,22315.0,0.0,2085.0,2073.0,0.0,0.0,0.0,22315.0,0.0,73.0,73.0, 
3543,州巧,2021-04-23,15.0,0.0,22315.0,12.0,2088.0,2085.0,0.0,0.0,0.0,22315.0,0.0,73.0,73.0, 
