stock_id,stock_name,date,MarginPurchaseBuy,MarginPurchaseCashRepayment,MarginPurchaseLimit,MarginPurchaseSell,MarginPurchaseTodayBalance,MarginPurchaseYesterdayBalance,OffsetLoanAndShort,ShortSaleBuy,ShortSaleCashRepayment,ShortSaleLimit,ShortSaleSell,ShortSaleTodayBalance,ShortSaleYesterdayBalance,Note
3597,映興,2021-01-19,0.0,0.0,8786.0,0.0,0.0,0.0,0.0,0.0,0.0,8786.0,0.0,0.0,0.0,
3597,映興,2021-01-20,78.0,0.0,8786.0,0.0,78.0,0.0,0.0,0.0,0.0,8786.0,0.0,0.0,0.0,
3597,映興,2021-01-21,114.0,0.0,8786.0,16.0,176.0,78.0,0.0,0.0,0.0,8786.0,0.0,0.0,0.0,
3597,映興,2021-01-22,206.0,0.0,8786.0,53.0,329.0,176.0,2.0,0.0,0.0,8786.0,0.0,0.0,0.0,
3597,映興,2021-01-25,220.0,0.0,8786.0,195.0,354.0,329.0,7.0,0.0,0.0,8786.0,0.0,0.0,0.0,
3597,映興,2021-01-26,122.0,0.0,8786.0,61.0,415.0,354.0,1.0,0.0,0.0,8786.0,0.0,0.0,0.0,
3597,映興,2021-01-27,327.0,0.0,8786.0,66.0,676.0,415.0,1.0,0.0,0.0,8786.0,0.0,0.0,0.0,
3597,映興,2021-01-28,309.0,0.0,8786.0,323.0,662.0,676.0,8.0,1.0,0.0,8786.0,0.0,1.0,0.0,
3597,映興,2021-01-29,165.0,0.0,8786.0,160.0,667.0,662.0,0.0,0.0,0.0,8786.0,0.0,1.0,1.0,
3597,映興,2021-02-01,41.0,0.0,8786.0,62.0,646.0,667.0,0.0,2.0,0.0,8786.0,0.0,3.0,1.0,
3597,映興,2021-02-02,219.0,0.0,8786.0,119.0,746.0,646.0,35.0,27.0,0.0,8786.0,1.0,29.0,3.0,
3597,映興,2021-02-03,620.0,0.0,8786.0,226.0,1140.0,746.0,12.0,21.0,0.0,8786.0,5.0,45.0,29.0,
3597,映興,2021-02-04,356.0,0.0,8786.0,461.0,1035.0,1140.0,27.0,29.0,0.0,8786.0,8.0,66.0,45.0,
3597,映興,2021-02-05,84.0,0.0,8786.0,195.0,924.0,1035.0,5.0,8.0,0.0,8786.0,46.0,28.0,66.0,
3597,映興,2021-02-17,258.0,0.0,8786.0,65.0,1117.0,924.0,1.0,5.0,0.0,8786.0,4.0,29.0,28.0,
3597,映興,2021-02-18,314.0,0.0,8786.0,137.0,1294.0,1117.0,0.0,43.0,0.0,8786.0,4.0,68.0,29.0,
3597,映興,2021-02-19,221.0,0.0,8786.0,477.0,1038.0,1294.0,12.0,1.0,0.0,8786.0,7.0,62.0,68.0,11   A
3597,映興,2021-02-22,323.0,0.0,8786.0,160.0,1201.0,1038.0,2.0,4.0,0.0,8786.0,0.0,66.0,62.0,11   A
3597,映興,2021-02-23,142.0,0.0,8786.0,160.0,1183.0,1201.0,1.0,0.0,0.0,8786.0,6.0,60.0,66.0,11   A
3597,映興,2021-02-24,76.0,0.0,8786.0,241.0,1018.0,1183.0,1.0,0.0,0.0,8786.0,0.0,60.0,60.0,11   A
3597,映興,2021-02-25,25.0,0.0,8786.0,15.0,1028.0,1018.0,0.0,0.0,0.0,8786.0,0.0,60.0,60.0,11   A
3597,映興,2021-02-26,91.0,0.0,8786.0,97.0,1022.0,1028.0,2.0,7.0,0.0,8786.0,0.0,67.0,60.0,11   A
3597,映興,2021-03-02,221.0,0.0,8786.0,79.0,1164.0,1022.0,0.0,0.0,0.0,8786.0,7.0,60.0,67.0,11   A
3597,映興,2021-03-03,45.0,0.0,8786.0,29.0,1180.0,1164.0,0.0,0.0,3.0,8786.0,0.0,57.0,60.0,11   A
3597,映興,2021-03-04,22.0,0.0,8786.0,39.0,1163.0,1180.0,0.0,0.0,0.0,8786.0,34.0,23.0,57.0,11   A
3597,映興,2021-03-05,34.0,0.0,8786.0,62.0,1135.0,1163.0,0.0,0.0,0.0,8786.0,6.0,17.0,23.0,11   A
3597,映興,2021-03-08,40.0,0.0,8786.0,56.0,1119.0,1135.0,0.0,0.0,0.0,8786.0,0.0,17.0,17.0,11   A
3597,映興,2021-03-09,34.0,0.0,8786.0,4.0,1149.0,1119.0,0.0,0.0,0.0,8786.0,3.0,14.0,17.0,
3597,映興,2021-03-10,18.0,0.0,8786.0,25.0,1142.0,1149.0,0.0,0.0,0.0,8786.0,1.0,13.0,14.0,
3597,映興,2021-03-11,61.0,0.0,8786.0,15.0,1188.0,1142.0,3.0,0.0,0.0,8786.0,0.0,13.0,13.0,
3597,映興,2021-03-12,46.0,0.0,8786.0,28.0,1206.0,1188.0,0.0,0.0,0.0,8786.0,3.0,10.0,13.0,
3597,映興,2021-03-15,42.0,0.0,8786.0,7.0,1241.0,1206.0,0.0,0.0,0.0,8786.0,4.0,6.0,10.0,
3597,映興,2021-03-16,12.0,0.0,8786.0,18.0,1235.0,1241.0,0.0,0.0,0.0,8786.0,1.0,5.0,6.0,
3597,映興,2021-03-17,27.0,0.0,8786.0,24.0,1238.0,1235.0,0.0,0.0,0.0,8786.0,0.0,5.0,5.0,
3597,映興,2021-03-18,11.0,0.0,8786.0,29.0,1220.0,1238.0,0.0,0.0,0.0,8786.0,0.0,5.0,5.0,X
3597,映興,2021-03-19,25.0,0.0,8786.0,43.0,1202.0,1220.0,0.0,0.0,0.0,8786.0,5.0,0.0,5.0,X
3597,映興,2021-03-22,21.0,0.0,8786.0,16.0,1207.0,1202.0,0.0,0.0,0.0,8786.0,0.0,0.0,0.0,X
3597,映興,2021-03-23,10.0,0.0,8786.0,16.0,1201.0,1207.0,0.0,0.0,0.0,8786.0,0.0,0.0,0.0,X
3597,映興,2021-03-24,89.0,0.0,8786.0,47.0,1243.0,1201.0,0.0,0.0,0.0,8786.0,0.0,0.0,0.0,
3597,映興,2021-03-25,15.0,0.0,8786.0,7.0,1251.0,1243.0,0.0,0.0,0.0,8786.0,0.0,0.0,0.0,
3597,映興,2021-03-26,1.0,0.0,8786.0,7.0,1245.0,1251.0,0.0,0.0,0.0,8786.0,0.0,0.0,0.0,
3597,映興,2021-03-29,49.0,0.0,8786.0,26.0,1268.0,1245.0,0.0,0.0,0.0,8786.0,0.0,0.0,0.0,
3597,映興,2021-03-30,119.0,0.0,8786.0,22.0,1365.0,1268.0,0.0,0.0,0.0,8786.0,0.0,0.0,0.0,
3597,映興,2021-03-31,48.0,0.0,8786.0,123.0,1290.0,1365.0,0.0,0.0,0.0,8786.0,0.0,0.0,0.0,
3597,映興,2021-04-01,33.0,0.0,8786.0,6.0,1317.0,1290.0,0.0,0.0,0.0,8786.0,0.0,0.0,0.0,
3597,映興,2021-04-06,29.0,0.0,8786.0,38.0,1308.0,1317.0,0.0,0.0,0.0,8786.0,0.0,0.0,0.0,
3597,映興,2021-04-07,26.0,0.0,8786.0,15.0,1319.0,1308.0,0.0,0.0,0.0,8786.0,0.0,0.0,0.0,
3597,映興,2021-04-08,12.0,0.0,8786.0,5.0,1326.0,1319.0,0.0,0.0,0.0,8786.0,0.0,0.0,0.0,
3597,映興,2021-04-09,282.0,0.0,8786.0,88.0,1520.0,1326.0,0.0,0.0,0.0,8786.0,0.0,0.0,0.0,
3597,映興,2021-04-12,386.0,0.0,8786.0,269.0,1637.0,1520.0,10.0,8.0,0.0,8786.0,0.0,8.0,0.0,
3597,映興,2021-04-13,78.0,0.0,8786.0,157.0,1558.0,1637.0,0.0,1.0,0.0,8786.0,5.0,4.0,8.0,
3597,映興,2021-04-14,90.0,0.0,8786.0,218.0,1430.0,1558.0,0.0,0.0,1.0,8786.0,0.0,3.0,4.0,
3597,映興,2021-04-15,31.0,0.0,8786.0,41.0,1420.0,1430.0,0.0,0.0,0.0,8786.0,3.0,0.0,3.0,
3597,映興,2021-04-16,13.0,0.0,8786.0,19.0,1414.0,1420.0,2.0,0.0,0.0,8786.0,0.0,0.0,0.0,
3597,映興,2021-04-19,91.0,0.0,8786.0,43.0,1462.0,1414.0,0.0,0.0,0.0,8786.0,0.0,0.0,0.0,
3597,映興,2021-04-20,45.0,0.0,8786.0,34.0,1473.0,1462.0,0.0,0.0,0.0,8786.0,0.0,0.0,0.0,
3597,映興,2021-04-21,19.0,0.0,8786.0,1.0,1491.0,1473.0,0.0,0.0,0.0,8786.0,0.0,0.0,0.0,
3597,映興,2021-04-22,25.0,0.0,8786.0,49.0,1467.0,1491.0,0.0,0.0,0.0,8786.0,0.0,0.0,0.0,
3597,映興,2021-04-23,54.0,0.0,8786.0,9.0,1512.0,1467.0,0.0,0.0,0.0,8786.0,0.0,0.0,0.0,
