stock_id,stock_name,date,MarginPurchaseBuy,MarginPurchaseCashRepayment,MarginPurchaseLimit,MarginPurchaseSell,MarginPurchaseTodayBalance,MarginPurchaseYesterdayBalance,OffsetLoanAndShort,ShortSaleBuy,ShortSaleCashRepayment,ShortSaleLimit,ShortSaleSell,ShortSaleTodayBalance,ShortSaleYesterdayBalance,Note
4168,醣聯,2020-12-17,0.0,0.0,23617.0,0.0,0.0,0.0,0.0,0.0,0.0,23617.0,0.0,0.0,0.0,X
4168,醣聯,2020-12-18,79.0,0.0,23617.0,0.0,79.0,0.0,0.0,0.0,0.0,23617.0,0.0,0.0,0.0,
4168,醣聯,2020-12-21,172.0,0.0,23617.0,7.0,244.0,79.0,0.0,0.0,0.0,23617.0,0.0,0.0,0.0,
4168,醣聯,2020-12-22,329.0,0.0,23617.0,125.0,448.0,244.0,5.0,0.0,0.0,23617.0,0.0,0.0,0.0,
4168,醣聯,2020-12-23,74.0,0.0,23617.0,100.0,422.0,448.0,0.0,0.0,0.0,23617.0,0.0,0.0,0.0,
4168,醣聯,2020-12-24,17.0,0.0,23617.0,75.0,364.0,422.0,0.0,0.0,0.0,23617.0,0.0,0.0,0.0,
4168,醣聯,2020-12-25,34.0,0.0,23617.0,92.0,306.0,364.0,0.0,0.0,0.0,23617.0,0.0,0.0,0.0,
4168,醣聯,2020-12-28,138.0,0.0,23617.0,7.0,437.0,306.0,0.0,0.0,0.0,23617.0,0.0,0.0,0.0,
4168,醣聯,2020-12-29,23.0,0.0,23617.0,45.0,415.0,437.0,0.0,0.0,0.0,23617.0,0.0,0.0,0.0,
4168,醣聯,2020-12-30,211.0,0.0,23617.0,19.0,607.0,415.0,2.0,0.0,0.0,23617.0,0.0,0.0,0.0,
4168,醣聯,2020-12-31,266.0,0.0,23617.0,78.0,795.0,607.0,3.0,0.0,0.0,23617.0,0.0,0.0,0.0,
4168,醣聯,2021-01-04,108.0,0.0,23617.0,83.0,820.0,795.0,0.0,0.0,0.0,23617.0,0.0,0.0,0.0,
4168,醣聯,2021-01-05,61.0,0.0,23617.0,59.0,822.0,820.0,0.0,0.0,0.0,23617.0,0.0,0.0,0.0,
4168,醣聯,2021-01-06,63.0,0.0,23617.0,133.0,752.0,822.0,0.0,0.0,0.0,23617.0,0.0,0.0,0.0,
4168,醣聯,2021-01-07,26.0,0.0,23617.0,218.0,560.0,752.0,0.0,0.0,0.0,23617.0,0.0,0.0,0.0,
4168,醣聯,2021-01-08,24.0,0.0,23617.0,6.0,578.0,560.0,0.0,0.0,0.0,23617.0,0.0,0.0,0.0,
4168,醣聯,2021-01-11,8.0,0.0,23617.0,115.0,471.0,578.0,0.0,0.0,0.0,23617.0,0.0,0.0,0.0,
4168,醣聯,2021-01-12,11.0,0.0,23617.0,8.0,474.0,471.0,0.0,0.0,0.0,23617.0,0.0,0.0,0.0,
4168,醣聯,2021-01-13,12.0,0.0,23617.0,14.0,472.0,474.0,1.0,0.0,0.0,23617.0,0.0,0.0,0.0,
4168,醣聯,2021-01-14,8.0,0.0,23617.0,8.0,472.0,472.0,0.0,0.0,0.0,23617.0,0.0,0.0,0.0,
4168,醣聯,2021-01-15,11.0,0.0,23617.0,21.0,462.0,472.0,2.0,0.0,0.0,23617.0,0.0,0.0,0.0,
4168,醣聯,2021-01-18,16.0,0.0,23617.0,10.0,468.0,462.0,0.0,0.0,0.0,23617.0,0.0,0.0,0.0,
4168,醣聯,2021-01-19,5.0,0.0,23617.0,26.0,447.0,468.0,0.0,0.0,0.0,23617.0,0.0,0.0,0.0,
4168,醣聯,2021-01-20,17.0,0.0,23617.0,12.0,452.0,447.0,0.0,0.0,0.0,23617.0,0.0,0.0,0.0,
4168,醣聯,2021-01-21,15.0,0.0,23617.0,6.0,461.0,452.0,0.0,0.0,0.0,23617.0,0.0,0.0,0.0,
4168,醣聯,2021-01-22,4.0,0.0,23617.0,11.0,454.0,461.0,1.0,0.0,0.0,23617.0,0.0,0.0,0.0,
4168,醣聯,2021-01-25,19.0,0.0,23617.0,7.0,466.0,454.0,0.0,0.0,0.0,23617.0,0.0,0.0,0.0,
4168,醣聯,2021-01-26,36.0,0.0,23617.0,18.0,484.0,466.0,0.0,0.0,0.0,23617.0,0.0,0.0,0.0,
4168,醣聯,2021-01-27,436.0,0.0,23617.0,40.0,880.0,484.0,1.0,0.0,0.0,23617.0,0.0,0.0,0.0,
4168,醣聯,2021-01-28,197.0,0.0,23617.0,223.0,854.0,880.0,0.0,9.0,0.0,23617.0,0.0,9.0,0.0,
4168,醣聯,2021-01-29,404.0,1.0,23617.0,273.0,984.0,854.0,0.0,40.0,0.0,23617.0,9.0,40.0,9.0,
4168,醣聯,2021-02-01,210.0,0.0,23617.0,79.0,1115.0,984.0,2.0,8.0,0.0,23617.0,12.0,36.0,40.0,
4168,醣聯,2021-02-02,60.0,0.0,23617.0,255.0,920.0,1115.0,0.0,4.0,0.0,23617.0,35.0,5.0,36.0,
4168,醣聯,2021-02-03,40.0,10.0,23617.0,28.0,922.0,920.0,1.0,0.0,0.0,23617.0,1.0,4.0,5.0,
4168,醣聯,2021-02-04,14.0,0.0,23617.0,25.0,911.0,922.0,0.0,0.0,0.0,23617.0,4.0,0.0,4.0,
4168,醣聯,2021-02-05,42.0,0.0,23617.0,73.0,880.0,911.0,0.0,0.0,0.0,23617.0,0.0,0.0,0.0,
4168,醣聯,2021-02-17,27.0,0.0,23617.0,43.0,864.0,880.0,0.0,0.0,0.0,23617.0,0.0,0.0,0.0,
4168,醣聯,2021-02-18,20.0,0.0,23617.0,25.0,859.0,864.0,0.0,0.0,0.0,23617.0,0.0,0.0,0.0,
4168,醣聯,2021-02-19,103.0,0.0,23617.0,102.0,860.0,859.0,0.0,0.0,0.0,23617.0,0.0,0.0,0.0,
4168,醣聯,2021-02-22,291.0,0.0,23617.0,96.0,1055.0,860.0,0.0,0.0,0.0,23617.0,0.0,0.0,0.0,
4168,醣聯,2021-02-23,204.0,0.0,23617.0,173.0,1086.0,1055.0,23.0,2.0,0.0,23617.0,0.0,2.0,0.0,
4168,醣聯,2021-02-24,145.0,0.0,23617.0,80.0,1151.0,1086.0,3.0,1.0,0.0,23617.0,0.0,3.0,2.0,
4168,醣聯,2021-02-25,102.0,0.0,23617.0,92.0,1161.0,1151.0,0.0,0.0,0.0,23617.0,0.0,3.0,3.0,
4168,醣聯,2021-02-26,37.0,0.0,23617.0,58.0,1140.0,1161.0,0.0,0.0,0.0,23617.0,1.0,2.0,3.0,
4168,醣聯,2021-03-02,54.0,0.0,23617.0,92.0,1102.0,1140.0,1.0,0.0,0.0,23617.0,0.0,2.0,2.0,
4168,醣聯,2021-03-03,33.0,0.0,23617.0,21.0,1114.0,1102.0,0.0,0.0,0.0,23617.0,0.0,2.0,2.0,
4168,醣聯,2021-03-04,7.0,0.0,23617.0,10.0,1111.0,1114.0,0.0,0.0,0.0,23617.0,0.0,2.0,2.0,
4168,醣聯,2021-03-05,69.0,0.0,23617.0,47.0,1133.0,1111.0,1.0,0.0,0.0,23617.0,0.0,2.0,2.0,
4168,醣聯,2021-03-08,1076.0,0.0,23617.0,125.0,2084.0,1133.0,5.0,4.0,0.0,23617.0,0.0,6.0,2.0,
4168,醣聯,2021-03-09,653.0,0.0,23617.0,593.0,2144.0,2084.0,6.0,5.0,0.0,23617.0,4.0,7.0,6.0,
4168,醣聯,2021-03-10,57.0,0.0,23617.0,99.0,2102.0,2144.0,1.0,0.0,0.0,23617.0,0.0,7.0,7.0,
4168,醣聯,2021-03-11,39.0,0.0,23617.0,279.0,1862.0,2102.0,0.0,0.0,0.0,23617.0,5.0,2.0,7.0,
4168,醣聯,2021-03-12,269.0,0.0,23617.0,93.0,2038.0,1862.0,2.0,2.0,0.0,23617.0,0.0,4.0,2.0,
4168,醣聯,2021-03-15,106.0,0.0,23617.0,100.0,2044.0,2038.0,0.0,0.0,0.0,23617.0,0.0,4.0,4.0,
4168,醣聯,2021-03-16,131.0,0.0,23617.0,72.0,2103.0,2044.0,0.0,0.0,0.0,23617.0,2.0,2.0,4.0,
4168,醣聯,2021-03-17,234.0,0.0,23617.0,57.0,2280.0,2103.0,2.0,0.0,0.0,23617.0,0.0,2.0,2.0,
4168,醣聯,2021-03-18,320.0,0.0,23617.0,200.0,2400.0,2280.0,1.0,1.0,0.0,23617.0,0.0,3.0,2.0,
4168,醣聯,2021-03-19,341.0,0.0,23617.0,184.0,2557.0,2400.0,1.0,0.0,0.0,23617.0,1.0,2.0,3.0,
4168,醣聯,2021-03-22,103.0,0.0,23617.0,171.0,2489.0,2557.0,0.0,0.0,0.0,23617.0,0.0,2.0,2.0,
4168,醣聯,2021-03-23,185.0,0.0,23617.0,133.0,2541.0,2489.0,0.0,0.0,0.0,23617.0,0.0,2.0,2.0,
4168,醣聯,2021-03-24,765.0,0.0,23617.0,427.0,2879.0,2541.0,11.0,3.0,0.0,23617.0,0.0,5.0,2.0,
4168,醣聯,2021-03-25,836.0,0.0,23617.0,717.0,2998.0,2879.0,26.0,4.0,0.0,23617.0,3.0,6.0,5.0,
4168,醣聯,2021-03-26,403.0,0.0,23617.0,159.0,3242.0,2998.0,1.0,0.0,0.0,23617.0,0.0,6.0,6.0,
4168,醣聯,2021-03-29,190.0,0.0,23617.0,261.0,3171.0,3242.0,0.0,0.0,0.0,23617.0,0.0,6.0,6.0,
4168,醣聯,2021-03-30,249.0,0.0,23617.0,188.0,3232.0,3171.0,0.0,0.0,0.0,23617.0,0.0,6.0,6.0,
4168,醣聯,2021-03-31,136.0,0.0,23617.0,166.0,3202.0,3232.0,0.0,0.0,0.0,23617.0,4.0,2.0,6.0,X
4168,醣聯,2021-04-01,109.0,0.0,23617.0,160.0,3151.0,3202.0,0.0,0.0,0.0,23617.0,2.0,0.0,2.0,X
4168,醣聯,2021-04-06,70.0,0.0,23617.0,136.0,3085.0,3151.0,0.0,0.0,0.0,23617.0,0.0,0.0,0.0,X
4168,醣聯,2021-04-07,30.0,0.0,23617.0,155.0,2960.0,3085.0,0.0,0.0,0.0,23617.0,0.0,0.0,0.0,X
4168,醣聯,2021-04-08,1147.0,0.0,23617.0,243.0,3864.0,2960.0,0.0,0.0,0.0,23617.0,0.0,0.0,0.0,
4168,醣聯,2021-04-09,2516.0,0.0,23617.0,604.0,5776.0,3864.0,21.0,9.0,0.0,23617.0,0.0,9.0,0.0,
4168,醣聯,2021-04-12,1299.0,0.0,23617.0,641.0,6434.0,5776.0,18.0,54.0,0.0,23617.0,0.0,63.0,9.0,
4168,醣聯,2021-04-13,2324.0,0.0,23617.0,1807.0,6951.0,6434.0,10.0,41.0,0.0,23617.0,16.0,88.0,63.0,
4168,醣聯,2021-04-14,737.0,1.0,23617.0,436.0,7251.0,6951.0,12.0,11.0,0.0,23617.0,42.0,57.0,88.0,
4168,醣聯,2021-04-15,988.0,0.0,23617.0,608.0,7631.0,7251.0,50.0,4.0,0.0,23617.0,3.0,58.0,57.0,
4168,醣聯,2021-04-16,842.0,0.0,23617.0,184.0,8289.0,7631.0,2.0,1.0,0.0,23617.0,6.0,53.0,58.0,
4168,醣聯,2021-04-19,912.0,0.0,23617.0,601.0,8600.0,8289.0,14.0,34.0,0.0,23617.0,2.0,85.0,53.0,
4168,醣聯,2021-04-20,554.0,0.0,23617.0,382.0,8772.0,8600.0,5.0,2.0,0.0,23617.0,20.0,67.0,85.0,
4168,醣聯,2021-04-21,316.0,0.0,23617.0,453.0,8635.0,8772.0,0.0,0.0,0.0,23617.0,12.0,55.0,67.0,
4168,醣聯,2021-04-22,705.0,15.0,23617.0,929.0,8396.0,8635.0,6.0,2.0,0.0,23617.0,7.0,50.0,55.0,
4168,醣聯,2021-04-23,262.0,2.0,23617.0,402.0,8254.0,8396.0,22.0,8.0,0.0,23617.0,4.0,54.0,50.0,
