stock_id,stock_name,date,MarginPurchaseBuy,MarginPurchaseCashRepayment,MarginPurchaseLimit,MarginPurchaseSell,MarginPurchaseTodayBalance,MarginPurchaseYesterdayBalance,OffsetLoanAndShort,ShortSaleBuy,ShortSaleCashRepayment,ShortSaleLimit,ShortSaleSell,ShortSaleTodayBalance,ShortSaleYesterdayBalance,Note
4174,浩鼎,2020-11-02,0.0,0.0,47146.0,0.0,0.0,0.0,0.0,0.0,0.0,47146.0,0.0,0.0,0.0,
4174,浩鼎,2020-11-03,34.0,0.0,47146.0,0.0,34.0,0.0,0.0,0.0,0.0,47146.0,0.0,0.0,0.0,
4174,浩鼎,2020-11-04,23.0,0.0,47146.0,0.0,57.0,34.0,0.0,0.0,0.0,47146.0,0.0,0.0,0.0,
4174,浩鼎,2020-11-05,13.0,0.0,47146.0,0.0,70.0,57.0,0.0,0.0,0.0,47146.0,0.0,0.0,0.0,
4174,浩鼎,2020-11-06,9.0,0.0,47146.0,3.0,76.0,70.0,0.0,0.0,0.0,47146.0,0.0,0.0,0.0,
4174,浩鼎,2020-11-09,6.0,0.0,47146.0,4.0,78.0,76.0,0.0,0.0,0.0,47146.0,0.0,0.0,0.0,
4174,浩鼎,2020-11-10,0.0,0.0,47146.0,3.0,75.0,78.0,0.0,0.0,0.0,47146.0,0.0,0.0,0.0,
4174,浩鼎,2020-11-11,5.0,0.0,47146.0,0.0,80.0,75.0,0.0,0.0,0.0,47146.0,0.0,0.0,0.0,
4174,浩鼎,2020-11-12,4.0,0.0,47146.0,0.0,84.0,80.0,0.0,0.0,0.0,47146.0,0.0,0.0,0.0,
4174,浩鼎,2020-11-13,1.0,0.0,47146.0,0.0,85.0,84.0,0.0,0.0,0.0,47146.0,0.0,0.0,0.0,
4174,浩鼎,2020-11-16,19.0,0.0,47146.0,0.0,104.0,85.0,0.0,0.0,0.0,47146.0,0.0,0.0,0.0,
4174,浩鼎,2020-11-17,20.0,0.0,47146.0,0.0,124.0,104.0,0.0,0.0,0.0,47146.0,0.0,0.0,0.0,
4174,浩鼎,2020-11-18,97.0,0.0,47146.0,21.0,200.0,124.0,0.0,0.0,0.0,47146.0,0.0,0.0,0.0,
4174,浩鼎,2020-11-19,52.0,0.0,47146.0,14.0,238.0,200.0,0.0,0.0,0.0,47146.0,0.0,0.0,0.0,
4174,浩鼎,2020-11-20,124.0,0.0,47146.0,28.0,334.0,238.0,1.0,0.0,0.0,47146.0,0.0,0.0,0.0,
4174,浩鼎,2020-11-23,96.0,0.0,47146.0,46.0,384.0,334.0,1.0,0.0,0.0,47146.0,0.0,0.0,0.0,
4174,浩鼎,2020-11-24,134.0,0.0,47146.0,67.0,451.0,384.0,2.0,0.0,0.0,47146.0,0.0,0.0,0.0,
4174,浩鼎,2020-11-25,30.0,0.0,47146.0,32.0,449.0,451.0,0.0,0.0,0.0,47146.0,0.0,0.0,0.0,
4174,浩鼎,2020-11-26,10.0,0.0,47146.0,53.0,406.0,449.0,0.0,0.0,0.0,47146.0,0.0,0.0,0.0,
4174,浩鼎,2020-11-27,10.0,0.0,47146.0,35.0,381.0,406.0,0.0,0.0,0.0,47146.0,0.0,0.0,0.0,
4174,浩鼎,2020-11-30,46.0,0.0,47146.0,2.0,425.0,381.0,0.0,0.0,0.0,47146.0,0.0,0.0,0.0,
4174,浩鼎,2020-12-01,17.0,0.0,47146.0,13.0,429.0,425.0,0.0,0.0,0.0,47146.0,0.0,0.0,0.0,
4174,浩鼎,2020-12-02,10.0,0.0,47146.0,26.0,413.0,429.0,0.0,0.0,0.0,47146.0,0.0,0.0,0.0,
4174,浩鼎,2020-12-03,26.0,0.0,47146.0,5.0,434.0,413.0,0.0,0.0,0.0,47146.0,0.0,0.0,0.0,
4174,浩鼎,2020-12-04,31.0,0.0,47146.0,10.0,455.0,434.0,0.0,0.0,0.0,47146.0,0.0,0.0,0.0,
4174,浩鼎,2020-12-07,63.0,0.0,47146.0,8.0,446.0,391.0,0.0,0.0,0.0,47146.0,0.0,0.0,0.0,
4174,浩鼎,2020-12-08,33.0,0.0,47146.0,8.0,535.0,510.0,0.0,0.0,0.0,47146.0,0.0,0.0,0.0,
4174,浩鼎,2020-12-09,19.0,0.0,47146.0,6.0,548.0,535.0,0.0,0.0,0.0,47146.0,0.0,0.0,0.0,
4174,浩鼎,2020-12-10,22.0,0.0,47146.0,34.0,536.0,548.0,0.0,0.0,0.0,47146.0,0.0,0.0,0.0,
4174,浩鼎,2020-12-11,321.0,0.0,47146.0,44.0,813.0,536.0,3.0,0.0,0.0,47146.0,0.0,0.0,0.0,
4174,浩鼎,2020-12-14,340.0,0.0,47146.0,136.0,1017.0,813.0,4.0,1.0,0.0,47146.0,0.0,1.0,0.0,
4174,浩鼎,2020-12-15,152.0,0.0,47146.0,183.0,986.0,1017.0,3.0,0.0,0.0,47146.0,0.0,1.0,1.0,
4174,浩鼎,2020-12-16,208.0,0.0,47146.0,122.0,1072.0,986.0,0.0,0.0,0.0,47146.0,0.0,1.0,1.0,
4174,浩鼎,2020-12-17,264.0,0.0,47146.0,163.0,1173.0,1072.0,4.0,1.0,0.0,47146.0,0.0,2.0,1.0,
4174,浩鼎,2020-12-18,849.0,16.0,47146.0,130.0,1876.0,1173.0,6.0,9.0,0.0,47146.0,0.0,11.0,2.0,
4174,浩鼎,2020-12-21,641.0,0.0,47146.0,571.0,1946.0,1876.0,23.0,7.0,0.0,47146.0,2.0,16.0,11.0,
4174,浩鼎,2020-12-22,276.0,0.0,47146.0,415.0,1807.0,1946.0,1.0,3.0,0.0,47146.0,6.0,13.0,16.0,
4174,浩鼎,2020-12-23,536.0,0.0,47146.0,296.0,2047.0,1807.0,22.0,10.0,1.0,47146.0,1.0,21.0,13.0,
4174,浩鼎,2020-12-24,259.0,0.0,47146.0,155.0,2151.0,2047.0,1.0,3.0,0.0,47146.0,1.0,23.0,21.0,
4174,浩鼎,2020-12-25,218.0,0.0,47146.0,191.0,2178.0,2151.0,1.0,2.0,0.0,47146.0,6.0,19.0,23.0,
4174,浩鼎,2020-12-28,191.0,0.0,47146.0,108.0,2261.0,2178.0,5.0,1.0,0.0,47146.0,1.0,19.0,19.0,
4174,浩鼎,2020-12-29,126.0,0.0,47146.0,344.0,2043.0,2261.0,0.0,0.0,0.0,47146.0,11.0,8.0,19.0,
4174,浩鼎,2020-12-30,88.0,0.0,47146.0,87.0,2044.0,2043.0,1.0,5.0,0.0,47146.0,0.0,13.0,8.0,
4174,浩鼎,2020-12-31,136.0,0.0,47146.0,59.0,2121.0,2044.0,10.0,0.0,0.0,47146.0,2.0,11.0,13.0,
4174,浩鼎,2021-01-04,136.0,0.0,47146.0,238.0,2019.0,2121.0,0.0,1.0,0.0,47146.0,3.0,9.0,11.0,
4174,浩鼎,2021-01-05,40.0,0.0,47146.0,60.0,1999.0,2019.0,0.0,1.0,0.0,47146.0,1.0,9.0,9.0,
4174,浩鼎,2021-01-06,121.0,1.0,47146.0,289.0,1830.0,1999.0,1.0,0.0,0.0,47146.0,3.0,6.0,9.0,
4174,浩鼎,2021-01-07,205.0,0.0,47146.0,71.0,1964.0,1830.0,4.0,1.0,0.0,47146.0,1.0,6.0,6.0,
4174,浩鼎,2021-01-08,171.0,2.0,47146.0,93.0,2040.0,1964.0,7.0,3.0,0.0,47146.0,0.0,9.0,6.0,
4174,浩鼎,2021-01-11,88.0,0.0,47146.0,111.0,2017.0,2040.0,21.0,1.0,0.0,47146.0,5.0,5.0,9.0,
4174,浩鼎,2021-01-12,61.0,0.0,47146.0,69.0,2009.0,2017.0,22.0,3.0,0.0,47146.0,1.0,7.0,5.0,
4174,浩鼎,2021-01-13,60.0,0.0,47146.0,131.0,1938.0,2009.0,0.0,1.0,0.0,47146.0,0.0,8.0,7.0,
4174,浩鼎,2021-01-14,68.0,0.0,47146.0,163.0,1843.0,1938.0,0.0,1.0,0.0,47146.0,1.0,8.0,8.0,
4174,浩鼎,2021-01-15,59.0,0.0,47146.0,115.0,1787.0,1843.0,0.0,0.0,0.0,47146.0,2.0,6.0,8.0,
4174,浩鼎,2021-01-18,48.0,0.0,47146.0,37.0,1798.0,1787.0,0.0,0.0,0.0,47146.0,3.0,3.0,6.0,
4174,浩鼎,2021-01-19,42.0,3.0,47146.0,73.0,1764.0,1798.0,1.0,2.0,0.0,47146.0,0.0,5.0,3.0,
4174,浩鼎,2021-01-20,76.0,0.0,47146.0,84.0,1756.0,1764.0,0.0,0.0,0.0,47146.0,0.0,5.0,5.0,
4174,浩鼎,2021-01-21,81.0,0.0,47146.0,61.0,1776.0,1756.0,0.0,1.0,0.0,47146.0,0.0,6.0,5.0,
4174,浩鼎,2021-01-22,28.0,0.0,47146.0,21.0,1783.0,1776.0,0.0,0.0,0.0,47146.0,3.0,3.0,6.0,
4174,浩鼎,2021-01-25,24.0,0.0,47146.0,37.0,1770.0,1783.0,0.0,0.0,0.0,47146.0,0.0,3.0,3.0,
4174,浩鼎,2021-01-26,192.0,0.0,47146.0,87.0,1875.0,1770.0,0.0,2.0,0.0,47146.0,0.0,5.0,3.0,
4174,浩鼎,2021-01-27,72.0,0.0,47146.0,35.0,1912.0,1875.0,0.0,0.0,0.0,47146.0,2.0,3.0,5.0,
4174,浩鼎,2021-01-28,40.0,0.0,47146.0,34.0,1918.0,1912.0,0.0,0.0,0.0,47146.0,0.0,3.0,3.0,
4174,浩鼎,2021-01-29,27.0,2.0,47146.0,24.0,1919.0,1918.0,0.0,0.0,0.0,47146.0,1.0,2.0,3.0,
4174,浩鼎,2021-02-01,19.0,0.0,47146.0,15.0,1923.0,1919.0,0.0,0.0,0.0,47146.0,0.0,2.0,2.0,
4174,浩鼎,2021-02-02,21.0,0.0,47146.0,38.0,1906.0,1923.0,0.0,0.0,0.0,47146.0,0.0,2.0,2.0,
4174,浩鼎,2021-02-03,27.0,1.0,47146.0,36.0,1896.0,1906.0,0.0,0.0,0.0,47146.0,0.0,2.0,2.0,
4174,浩鼎,2021-02-04,27.0,3.0,47146.0,18.0,1902.0,1896.0,0.0,0.0,0.0,47146.0,0.0,2.0,2.0,
4174,浩鼎,2021-02-05,35.0,0.0,47146.0,31.0,1906.0,1902.0,0.0,0.0,0.0,47146.0,0.0,2.0,2.0,
4174,浩鼎,2021-02-17,24.0,0.0,47146.0,24.0,1906.0,1906.0,0.0,0.0,0.0,47146.0,0.0,2.0,2.0,
4174,浩鼎,2021-02-18,66.0,42.0,47146.0,52.0,1878.0,1906.0,0.0,0.0,0.0,47146.0,0.0,2.0,2.0,
4174,浩鼎,2021-02-19,84.0,3.0,49819.0,51.0,1908.0,1878.0,6.0,0.0,0.0,49819.0,0.0,2.0,2.0,
4174,浩鼎,2021-02-22,357.0,0.0,49819.0,123.0,2142.0,1908.0,1.0,6.0,0.0,49819.0,0.0,8.0,2.0,
4174,浩鼎,2021-02-23,314.0,3.0,49819.0,389.0,2064.0,2142.0,2.0,1.0,0.0,49819.0,4.0,5.0,8.0,
4174,浩鼎,2021-02-24,108.0,0.0,49819.0,100.0,2072.0,2064.0,7.0,1.0,0.0,49819.0,1.0,5.0,5.0,
4174,浩鼎,2021-02-25,130.0,1.0,49819.0,132.0,2069.0,2072.0,2.0,1.0,0.0,49819.0,1.0,5.0,5.0,
4174,浩鼎,2021-02-26,636.0,0.0,49819.0,192.0,2513.0,2069.0,1.0,50.0,0.0,49819.0,0.0,55.0,5.0,
4174,浩鼎,2021-03-02,827.0,0.0,49819.0,604.0,2736.0,2513.0,1.0,71.0,0.0,49819.0,22.0,104.0,55.0,
4174,浩鼎,2021-03-03,800.0,2.0,49819.0,792.0,2742.0,2736.0,10.0,18.0,0.0,49819.0,62.0,60.0,104.0,
4174,浩鼎,2021-03-04,910.0,0.0,49819.0,515.0,3137.0,2742.0,33.0,25.0,0.0,49819.0,22.0,63.0,60.0,
4174,浩鼎,2021-03-05,493.0,0.0,49819.0,390.0,3240.0,3137.0,17.0,5.0,1.0,49819.0,18.0,49.0,63.0,
4174,浩鼎,2021-03-08,252.0,0.0,49819.0,514.0,2978.0,3240.0,5.0,7.0,0.0,49819.0,14.0,42.0,49.0,
4174,浩鼎,2021-03-09,216.0,114.0,49819.0,142.0,2938.0,2978.0,3.0,18.0,0.0,49819.0,8.0,52.0,42.0,
4174,浩鼎,2021-03-10,234.0,0.0,49819.0,183.0,2989.0,2938.0,3.0,0.0,0.0,49819.0,1.0,51.0,52.0,
4174,浩鼎,2021-03-11,169.0,1.0,49819.0,204.0,2953.0,2989.0,1.0,16.0,0.0,49819.0,1.0,66.0,51.0,
4174,浩鼎,2021-03-12,249.0,0.0,49819.0,189.0,3013.0,2953.0,0.0,17.0,0.0,49819.0,12.0,71.0,66.0,
4174,浩鼎,2021-03-15,231.0,0.0,49819.0,212.0,3032.0,3013.0,3.0,12.0,0.0,49819.0,0.0,83.0,71.0,
4174,浩鼎,2021-03-16,124.0,0.0,49819.0,176.0,2980.0,3032.0,0.0,0.0,0.0,49819.0,4.0,79.0,83.0,
4174,浩鼎,2021-03-17,237.0,0.0,49819.0,161.0,3056.0,2980.0,0.0,9.0,2.0,49819.0,0.0,86.0,79.0,
4174,浩鼎,2021-03-18,358.0,0.0,49819.0,378.0,3036.0,3056.0,4.0,3.0,0.0,49819.0,0.0,89.0,86.0,
4174,浩鼎,2021-03-19,157.0,1.0,49819.0,156.0,3036.0,3036.0,0.0,0.0,0.0,49819.0,9.0,80.0,89.0,
4174,浩鼎,2021-03-22,89.0,13.0,49819.0,103.0,3009.0,3036.0,1.0,0.0,0.0,49819.0,0.0,80.0,80.0,
4174,浩鼎,2021-03-23,110.0,0.0,49819.0,103.0,3016.0,3009.0,7.0,0.0,0.0,49819.0,0.0,80.0,80.0,
4174,浩鼎,2021-03-24,338.0,0.0,49819.0,136.0,3218.0,3016.0,4.0,1.0,0.0,49819.0,1.0,80.0,80.0,
4174,浩鼎,2021-03-25,223.0,0.0,49819.0,293.0,3148.0,3218.0,1.0,3.0,0.0,49819.0,5.0,78.0,80.0,
4174,浩鼎,2021-03-26,79.0,0.0,49819.0,111.0,3116.0,3148.0,1.0,0.0,0.0,49819.0,2.0,76.0,78.0,
4174,浩鼎,2021-03-29,367.0,0.0,49819.0,252.0,3231.0,3116.0,3.0,16.0,0.0,49819.0,1.0,91.0,76.0,
4174,浩鼎,2021-03-30,180.0,0.0,49819.0,173.0,3238.0,3231.0,0.0,0.0,0.0,49819.0,2.0,89.0,91.0,
4174,浩鼎,2021-03-31,132.0,0.0,49819.0,247.0,3123.0,3238.0,0.0,3.0,1.0,49819.0,28.0,63.0,89.0,
4174,浩鼎,2021-04-01,48.0,0.0,49819.0,126.0,3045.0,3123.0,0.0,1.0,0.0,49819.0,2.0,62.0,63.0,
4174,浩鼎,2021-04-06,167.0,0.0,49819.0,226.0,2986.0,3045.0,0.0,5.0,0.0,49819.0,23.0,44.0,62.0,
4174,浩鼎,2021-04-07,103.0,1.0,49819.0,117.0,2971.0,2986.0,0.0,0.0,0.0,49819.0,20.0,24.0,44.0,
4174,浩鼎,2021-04-08,70.0,0.0,49819.0,102.0,2939.0,2971.0,0.0,1.0,0.0,49819.0,7.0,18.0,24.0,
4174,浩鼎,2021-04-09,133.0,0.0,49819.0,64.0,3008.0,2939.0,34.0,1.0,0.0,49819.0,0.0,19.0,18.0,
4174,浩鼎,2021-04-12,110.0,0.0,49819.0,123.0,2995.0,3008.0,0.0,0.0,0.0,49819.0,7.0,12.0,19.0,
4174,浩鼎,2021-04-13,30.0,1.0,49819.0,144.0,2880.0,2995.0,1.0,0.0,0.0,49819.0,2.0,10.0,12.0,
4174,浩鼎,2021-04-14,115.0,0.0,49819.0,123.0,2872.0,2880.0,0.0,2.0,0.0,49819.0,5.0,7.0,10.0,X
4174,浩鼎,2021-04-15,30.0,2.0,49819.0,64.0,2836.0,2872.0,0.0,0.0,0.0,49819.0,7.0,0.0,7.0,X
4174,浩鼎,2021-04-16,39.0,1.0,49819.0,22.0,2852.0,2836.0,0.0,0.0,0.0,49819.0,0.0,0.0,0.0,X
4174,浩鼎,2021-04-19,66.0,0.0,49819.0,85.0,2833.0,2852.0,0.0,0.0,0.0,49819.0,0.0,0.0,0.0,X
4174,浩鼎,2021-04-20,38.0,0.0,49819.0,20.0,2851.0,2833.0,0.0,0.0,0.0,49819.0,0.0,0.0,0.0,
4174,浩鼎,2021-04-21,23.0,0.0,49819.0,43.0,2831.0,2851.0,7.0,1.0,0.0,49819.0,0.0,1.0,0.0,
4174,浩鼎,2021-04-22,95.0,0.0,49819.0,66.0,2860.0,2831.0,10.0,2.0,0.0,49819.0,0.0,3.0,1.0,
4174,浩鼎,2021-04-23,122.0,1.0,49819.0,246.0,2735.0,2860.0,0.0,10.0,0.0,49819.0,1.0,12.0,3.0,
