stock_id,stock_name,date,MarginPurchaseBuy,MarginPurchaseCashRepayment,MarginPurchaseLimit,MarginPurchaseSell,MarginPurchaseTodayBalance,MarginPurchaseYesterdayBalance,OffsetLoanAndShort,ShortSaleBuy,ShortSaleCashRepayment,ShortSaleLimit,ShortSaleSell,ShortSaleTodayBalance,ShortSaleYesterdayBalance,Note
4702,中美實,2020-10-29,0.0,0.0,18083.0,0.0,0.0,0.0,0.0,0.0,0.0,18083.0,0.0,0.0,0.0,
4702,中美實,2020-10-30,6.0,0.0,18083.0,0.0,6.0,0.0,0.0,0.0,0.0,18083.0,0.0,0.0,0.0,
4702,中美實,2020-11-02,12.0,0.0,18083.0,0.0,18.0,6.0,0.0,0.0,0.0,18083.0,0.0,0.0,0.0,
4702,中美實,2020-11-03,0.0,0.0,18083.0,0.0,18.0,18.0,0.0,0.0,0.0,18083.0,0.0,0.0,0.0,
4702,中美實,2020-11-04,64.0,0.0,18083.0,0.0,82.0,18.0,0.0,0.0,0.0,18083.0,0.0,0.0,0.0,
4702,中美實,2020-11-05,571.0,0.0,18083.0,70.0,583.0,82.0,27.0,0.0,0.0,18083.0,0.0,0.0,0.0,
4702,中美實,2020-11-06,137.0,0.0,18083.0,53.0,667.0,583.0,3.0,0.0,0.0,18083.0,0.0,0.0,0.0,
4702,中美實,2020-11-09,110.0,0.0,18083.0,35.0,742.0,667.0,17.0,0.0,0.0,18083.0,0.0,0.0,0.0,
4702,中美實,2020-11-10,297.0,0.0,18083.0,108.0,931.0,742.0,641.0,1.0,0.0,18083.0,0.0,1.0,0.0,
4702,中美實,2020-11-11,123.0,0.0,18083.0,130.0,924.0,931.0,69.0,0.0,0.0,18083.0,0.0,1.0,1.0,
4702,中美實,2020-11-12,70.0,0.0,18083.0,146.0,848.0,924.0,31.0,1.0,1.0,18083.0,0.0,1.0,1.0,
4702,中美實,2020-11-13,35.0,0.0,18083.0,30.0,853.0,848.0,21.0,0.0,0.0,18083.0,0.0,1.0,1.0,
4702,中美實,2020-11-16,9.0,0.0,18083.0,28.0,834.0,853.0,4.0,0.0,0.0,18083.0,0.0,1.0,1.0,
4702,中美實,2020-11-17,24.0,0.0,18083.0,36.0,822.0,834.0,3.0,0.0,0.0,18083.0,1.0,0.0,1.0,
4702,中美實,2020-11-18,33.0,0.0,18083.0,41.0,814.0,822.0,5.0,0.0,0.0,18083.0,0.0,0.0,0.0,
4702,中美實,2020-11-19,25.0,4.0,18083.0,32.0,803.0,814.0,2.0,0.0,0.0,18083.0,0.0,0.0,0.0,
4702,中美實,2020-11-20,35.0,0.0,18083.0,88.0,750.0,803.0,14.0,0.0,0.0,18083.0,0.0,0.0,0.0,
4702,中美實,2020-11-23,16.0,0.0,18083.0,121.0,645.0,750.0,4.0,0.0,0.0,18083.0,0.0,0.0,0.0,
4702,中美實,2020-11-24,19.0,0.0,18083.0,79.0,585.0,645.0,0.0,0.0,0.0,18083.0,0.0,0.0,0.0,
4702,中美實,2020-11-25,2.0,0.0,18083.0,13.0,574.0,585.0,0.0,0.0,0.0,18083.0,0.0,0.0,0.0,
4702,中美實,2020-11-26,7.0,0.0,18083.0,0.0,581.0,574.0,0.0,0.0,0.0,18083.0,0.0,0.0,0.0,
4702,中美實,2020-11-27,4.0,0.0,18083.0,0.0,585.0,581.0,0.0,0.0,0.0,18083.0,0.0,0.0,0.0,
4702,中美實,2020-11-30,6.0,0.0,18083.0,9.0,582.0,585.0,0.0,0.0,0.0,18083.0,0.0,0.0,0.0,
4702,中美實,2020-12-01,31.0,0.0,18083.0,0.0,613.0,582.0,5.0,0.0,0.0,18083.0,0.0,0.0,0.0,
4702,中美實,2020-12-02,64.0,0.0,18083.0,5.0,672.0,613.0,0.0,0.0,0.0,18083.0,0.0,0.0,0.0,
4702,中美實,2020-12-03,128.0,0.0,18083.0,65.0,735.0,672.0,0.0,1.0,0.0,18083.0,0.0,1.0,0.0,
4702,中美實,2020-12-04,120.0,0.0,18083.0,153.0,702.0,735.0,5.0,0.0,0.0,18083.0,0.0,1.0,1.0,
4702,中美實,2020-12-07,39.0,0.0,18083.0,39.0,702.0,702.0,0.0,0.0,1.0,18083.0,0.0,0.0,1.0,
4702,中美實,2020-12-08,61.0,0.0,18083.0,16.0,747.0,702.0,0.0,0.0,0.0,18083.0,0.0,0.0,0.0,
4702,中美實,2020-12-09,42.0,0.0,18083.0,15.0,774.0,747.0,0.0,0.0,0.0,18083.0,0.0,0.0,0.0,
4702,中美實,2020-12-10,20.0,0.0,18083.0,13.0,781.0,774.0,0.0,0.0,0.0,18083.0,0.0,0.0,0.0,
4702,中美實,2020-12-11,18.0,0.0,18083.0,3.0,796.0,781.0,0.0,0.0,0.0,18083.0,0.0,0.0,0.0,
4702,中美實,2020-12-14,24.0,0.0,18083.0,44.0,776.0,796.0,0.0,0.0,0.0,18083.0,0.0,0.0,0.0,
4702,中美實,2020-12-15,3.0,0.0,18083.0,5.0,774.0,776.0,0.0,0.0,0.0,18083.0,0.0,0.0,0.0,
4702,中美實,2020-12-16,4.0,0.0,18083.0,9.0,769.0,774.0,0.0,0.0,0.0,18083.0,0.0,0.0,0.0,
4702,中美實,2020-12-17,51.0,0.0,18083.0,3.0,817.0,769.0,0.0,0.0,0.0,18083.0,0.0,0.0,0.0,
4702,中美實,2020-12-18,0.0,0.0,18083.0,3.0,814.0,817.0,0.0,0.0,0.0,18083.0,0.0,0.0,0.0,
4702,中美實,2020-12-21,10.0,0.0,18083.0,0.0,824.0,814.0,0.0,0.0,0.0,18083.0,0.0,0.0,0.0,
4702,中美實,2020-12-22,14.0,0.0,18083.0,0.0,838.0,824.0,0.0,0.0,0.0,18083.0,0.0,0.0,0.0,
4702,中美實,2020-12-23,15.0,0.0,18083.0,2.0,851.0,838.0,0.0,0.0,0.0,18083.0,0.0,0.0,0.0,
4702,中美實,2020-12-24,10.0,0.0,18083.0,0.0,861.0,851.0,0.0,0.0,0.0,18083.0,0.0,0.0,0.0,
4702,中美實,2020-12-25,20.0,0.0,18083.0,3.0,878.0,861.0,0.0,0.0,0.0,18083.0,0.0,0.0,0.0,
4702,中美實,2020-12-28,303.0,0.0,18083.0,35.0,1146.0,878.0,0.0,0.0,0.0,18083.0,0.0,0.0,0.0,
4702,中美實,2020-12-29,282.0,0.0,18083.0,232.0,1196.0,1146.0,8.0,0.0,0.0,18083.0,0.0,0.0,0.0,
4702,中美實,2020-12-30,77.0,0.0,18083.0,219.0,1054.0,1196.0,1.0,0.0,0.0,18083.0,0.0,0.0,0.0,
4702,中美實,2020-12-31,38.0,0.0,18083.0,86.0,1006.0,1054.0,0.0,0.0,0.0,18083.0,0.0,0.0,0.0,
4702,中美實,2021-01-04,26.0,0.0,18083.0,30.0,1002.0,1006.0,0.0,0.0,0.0,18083.0,0.0,0.0,0.0,
4702,中美實,2021-01-05,9.0,0.0,18083.0,5.0,1006.0,1002.0,0.0,0.0,0.0,18083.0,0.0,0.0,0.0,
4702,中美實,2021-01-06,20.0,0.0,18083.0,11.0,1015.0,1006.0,0.0,0.0,0.0,18083.0,0.0,0.0,0.0,
4702,中美實,2021-01-07,71.0,0.0,18083.0,1.0,1085.0,1015.0,0.0,0.0,0.0,18083.0,0.0,0.0,0.0,
4702,中美實,2021-01-08,3.0,0.0,18083.0,3.0,1085.0,1085.0,0.0,0.0,0.0,18083.0,0.0,0.0,0.0,
4702,中美實,2021-01-11,186.0,0.0,18083.0,129.0,1142.0,1085.0,0.0,4.0,0.0,18083.0,0.0,4.0,0.0,
4702,中美實,2021-01-12,68.0,0.0,18083.0,174.0,1036.0,1142.0,0.0,2.0,0.0,18083.0,4.0,2.0,4.0,
4702,中美實,2021-01-13,36.0,0.0,18083.0,17.0,1055.0,1036.0,0.0,0.0,0.0,18083.0,2.0,0.0,2.0,
4702,中美實,2021-01-14,222.0,0.0,18083.0,71.0,1206.0,1055.0,5.0,0.0,0.0,18083.0,0.0,0.0,0.0,
4702,中美實,2021-01-15,57.0,0.0,18083.0,254.0,1009.0,1206.0,0.0,0.0,0.0,18083.0,0.0,0.0,0.0,
4702,中美實,2021-01-18,5.0,0.0,18083.0,74.0,940.0,1009.0,0.0,0.0,0.0,18083.0,0.0,0.0,0.0,
4702,中美實,2021-01-19,5.0,0.0,18083.0,20.0,925.0,940.0,0.0,0.0,0.0,18083.0,0.0,0.0,0.0,
4702,中美實,2021-01-20,33.0,0.0,18083.0,13.0,945.0,925.0,0.0,0.0,0.0,18083.0,0.0,0.0,0.0,
4702,中美實,2021-01-21,218.0,0.0,18083.0,56.0,1107.0,945.0,3.0,8.0,0.0,18083.0,0.0,8.0,0.0,
4702,中美實,2021-01-22,106.0,0.0,18083.0,207.0,1006.0,1107.0,0.0,2.0,0.0,18083.0,2.0,8.0,8.0,
4702,中美實,2021-01-25,44.0,0.0,18083.0,36.0,1014.0,1006.0,0.0,0.0,0.0,18083.0,5.0,3.0,8.0,
4702,中美實,2021-01-26,9.0,0.0,18083.0,42.0,981.0,1014.0,0.0,1.0,1.0,18083.0,2.0,1.0,3.0,
4702,中美實,2021-01-27,21.0,0.0,18083.0,11.0,991.0,981.0,0.0,0.0,0.0,18083.0,0.0,1.0,1.0,
4702,中美實,2021-01-28,4.0,0.0,18083.0,9.0,986.0,991.0,0.0,0.0,0.0,18083.0,0.0,1.0,1.0,
4702,中美實,2021-01-29,7.0,0.0,18083.0,36.0,957.0,986.0,0.0,0.0,0.0,18083.0,1.0,0.0,1.0,
4702,中美實,2021-02-01,5.0,0.0,18083.0,8.0,954.0,957.0,0.0,0.0,0.0,18083.0,0.0,0.0,0.0,
4702,中美實,2021-02-02,6.0,0.0,18083.0,9.0,951.0,954.0,0.0,0.0,0.0,18083.0,0.0,0.0,0.0,
4702,中美實,2021-02-03,2.0,0.0,18083.0,20.0,933.0,951.0,0.0,0.0,0.0,18083.0,0.0,0.0,0.0,
4702,中美實,2021-02-04,6.0,0.0,18083.0,7.0,932.0,933.0,0.0,0.0,0.0,18083.0,0.0,0.0,0.0,
4702,中美實,2021-02-05,24.0,3.0,18083.0,2.0,951.0,932.0,0.0,0.0,0.0,18083.0,0.0,0.0,0.0,
4702,中美實,2021-02-17,29.0,0.0,18083.0,8.0,972.0,951.0,0.0,0.0,0.0,18083.0,0.0,0.0,0.0,
4702,中美實,2021-02-18,17.0,0.0,18083.0,18.0,971.0,972.0,0.0,0.0,0.0,18083.0,0.0,0.0,0.0,
4702,中美實,2021-02-19,15.0,0.0,18083.0,14.0,972.0,971.0,0.0,0.0,0.0,18083.0,0.0,0.0,0.0,
4702,中美實,2021-02-22,37.0,0.0,18083.0,37.0,972.0,972.0,0.0,0.0,0.0,18083.0,0.0,0.0,0.0,
4702,中美實,2021-02-23,9.0,0.0,18083.0,9.0,972.0,972.0,1.0,0.0,0.0,18083.0,0.0,0.0,0.0,
4702,中美實,2021-02-24,110.0,0.0,18083.0,32.0,1050.0,972.0,2.0,0.0,0.0,18083.0,0.0,0.0,0.0,
4702,中美實,2021-02-25,48.0,0.0,18083.0,14.0,1084.0,1050.0,0.0,0.0,0.0,18083.0,0.0,0.0,0.0,
4702,中美實,2021-02-26,57.0,0.0,18083.0,36.0,1105.0,1084.0,0.0,0.0,0.0,18083.0,0.0,0.0,0.0,
4702,中美實,2021-03-02,73.0,0.0,18083.0,57.0,1121.0,1105.0,0.0,0.0,0.0,18083.0,0.0,0.0,0.0,
4702,中美實,2021-03-03,68.0,0.0,18083.0,20.0,1169.0,1121.0,0.0,0.0,0.0,18083.0,0.0,0.0,0.0,
4702,中美實,2021-03-04,53.0,0.0,18083.0,35.0,1187.0,1169.0,0.0,0.0,0.0,18083.0,0.0,0.0,0.0,
4702,中美實,2021-03-05,28.0,0.0,18083.0,19.0,1196.0,1187.0,0.0,0.0,0.0,18083.0,0.0,0.0,0.0,
4702,中美實,2021-03-08,6.0,0.0,18083.0,21.0,1181.0,1196.0,0.0,0.0,0.0,18083.0,0.0,0.0,0.0,
4702,中美實,2021-03-09,5.0,0.0,18083.0,12.0,1174.0,1181.0,0.0,0.0,0.0,18083.0,0.0,0.0,0.0,
4702,中美實,2021-03-10,522.0,0.0,18083.0,47.0,1649.0,1174.0,2.0,12.0,0.0,18083.0,0.0,12.0,0.0,
4702,中美實,2021-03-11,420.0,0.0,18083.0,450.0,1619.0,1649.0,10.0,2.0,0.0,18083.0,11.0,3.0,12.0,
4702,中美實,2021-03-12,132.0,0.0,18083.0,101.0,1650.0,1619.0,1.0,0.0,0.0,18083.0,2.0,1.0,3.0,
4702,中美實,2021-03-15,66.0,0.0,18083.0,47.0,1669.0,1650.0,0.0,0.0,1.0,18083.0,0.0,0.0,1.0,
4702,中美實,2021-03-16,323.0,0.0,18083.0,338.0,1654.0,1669.0,3.0,1.0,0.0,18083.0,0.0,1.0,0.0,
4702,中美實,2021-03-17,329.0,0.0,18083.0,141.0,1842.0,1654.0,0.0,0.0,0.0,18083.0,1.0,0.0,1.0,
4702,中美實,2021-03-18,309.0,0.0,18083.0,138.0,2013.0,1842.0,1.0,0.0,0.0,18083.0,0.0,0.0,0.0,
4702,中美實,2021-03-19,1037.0,0.0,18083.0,143.0,2907.0,2013.0,25.0,0.0,0.0,18083.0,0.0,0.0,0.0,
4702,中美實,2021-03-22,90.0,0.0,18083.0,236.0,2761.0,2907.0,0.0,30.0,0.0,18083.0,0.0,30.0,0.0,
4702,中美實,2021-03-23,792.0,0.0,18083.0,874.0,2679.0,2761.0,7.0,4.0,0.0,18083.0,30.0,4.0,30.0,
4702,中美實,2021-03-24,215.0,0.0,18083.0,159.0,2735.0,2679.0,5.0,11.0,0.0,18083.0,0.0,15.0,4.0,
4702,中美實,2021-03-25,94.0,0.0,18083.0,221.0,2608.0,2735.0,4.0,1.0,0.0,18083.0,0.0,16.0,15.0,
4702,中美實,2021-03-26,32.0,0.0,18083.0,44.0,2596.0,2608.0,3.0,4.0,0.0,18083.0,0.0,20.0,16.0,
4702,中美實,2021-03-29,82.0,0.0,18083.0,17.0,2661.0,2596.0,0.0,0.0,0.0,18083.0,2.0,18.0,20.0,
4702,中美實,2021-03-30,13.0,0.0,18083.0,89.0,2585.0,2661.0,1.0,0.0,0.0,18083.0,11.0,7.0,18.0,
4702,中美實,2021-03-31,166.0,0.0,18083.0,77.0,2674.0,2585.0,0.0,9.0,0.0,18083.0,0.0,16.0,7.0,
4702,中美實,2021-04-01,895.0,0.0,18083.0,173.0,3396.0,2674.0,22.0,12.0,0.0,18083.0,0.0,28.0,16.0,
4702,中美實,2021-04-06,548.0,0.0,18083.0,494.0,3450.0,3396.0,0.0,11.0,0.0,18083.0,0.0,39.0,28.0,
4702,中美實,2021-04-07,487.0,0.0,18083.0,725.0,3212.0,3450.0,2.0,0.0,0.0,18083.0,9.0,30.0,39.0,
4702,中美實,2021-04-08,157.0,0.0,18083.0,130.0,3239.0,3212.0,1.0,0.0,0.0,18083.0,1.0,29.0,30.0,
4702,中美實,2021-04-09,893.0,0.0,18083.0,320.0,3812.0,3239.0,1.0,2.0,0.0,18083.0,0.0,31.0,29.0,
4702,中美實,2021-04-12,403.0,0.0,18083.0,1007.0,3208.0,3812.0,4.0,1.0,0.0,18083.0,14.0,18.0,31.0,
4702,中美實,2021-04-13,142.0,0.0,18083.0,256.0,3094.0,3208.0,0.0,7.0,0.0,18083.0,0.0,25.0,18.0,
4702,中美實,2021-04-14,144.0,0.0,18083.0,178.0,3060.0,3094.0,0.0,1.0,2.0,18083.0,6.0,18.0,25.0,
4702,中美實,2021-04-15,68.0,0.0,18083.0,72.0,3056.0,3060.0,0.0,0.0,0.0,18083.0,8.0,10.0,18.0,
4702,中美實,2021-04-16,103.0,0.0,18083.0,55.0,3104.0,3056.0,0.0,0.0,0.0,18083.0,9.0,1.0,10.0,
4702,中美實,2021-04-19,118.0,0.0,18083.0,226.0,2996.0,3104.0,0.0,0.0,0.0,18083.0,0.0,1.0,1.0,
4702,中美實,2021-04-20,123.0,0.0,18083.0,128.0,2991.0,2996.0,1.0,0.0,0.0,18083.0,0.0,1.0,1.0,
4702,中美實,2021-04-21,171.0,0.0,18083.0,121.0,3041.0,2991.0,4.0,0.0,0.0,18083.0,0.0,1.0,1.0,X
4702,中美實,2021-04-22,181.0,0.0,18083.0,281.0,2941.0,3041.0,0.0,0.0,0.0,18083.0,1.0,0.0,1.0,X
4702,中美實,2021-04-23,60.0,0.0,18083.0,89.0,2912.0,2941.0,0.0,0.0,0.0,18083.0,0.0,0.0,0.0,X
