stock_id,stock_name,date,MarginPurchaseBuy,MarginPurchaseCashRepayment,MarginPurchaseLimit,MarginPurchaseSell,MarginPurchaseTodayBalance,MarginPurchaseYesterdayBalance,OffsetLoanAndShort,ShortSaleBuy,ShortSaleCashRepayment,ShortSaleLimit,ShortSaleSell,ShortSaleTodayBalance,ShortSaleYesterdayBalance,Note
5546,永固-KY,2020-12-02,0.0,0.0,19181.0,0.0,0.0,0.0,0.0,0.0,0.0,19181.0,0.0,0.0,0.0,X 
5546,永固-KY,2020-12-03,27.0,0.0,19181.0,0.0,27.0,0.0,0.0,0.0,0.0,19181.0,0.0,0.0,0.0,X 
5546,永固-KY,2020-12-04,18.0,0.0,19181.0,0.0,45.0,27.0,0.0,0.0,0.0,19181.0,0.0,0.0,0.0,X 
5546,永固-KY,2020-12-07,27.0,0.0,19181.0,1.0,71.0,45.0,0.0,0.0,0.0,19181.0,0.0,0.0,0.0,X 
5546,永固-KY,2020-12-08,36.0,0.0,19181.0,15.0,92.0,71.0,0.0,0.0,0.0,19181.0,0.0,0.0,0.0, 
5546,永固-KY,2020-12-09,22.0,0.0,19181.0,7.0,107.0,92.0,0.0,0.0,0.0,19181.0,0.0,0.0,0.0, 
5546,永固-KY,2020-12-10,22.0,0.0,19181.0,0.0,129.0,107.0,0.0,0.0,0.0,19181.0,0.0,0.0,0.0, 
5546,永固-KY,2020-12-11,114.0,0.0,19181.0,3.0,240.0,129.0,0.0,0.0,0.0,19181.0,5.0,5.0,0.0, 
5546,永固-KY,2020-12-14,83.0,0.0,19181.0,3.0,320.0,240.0,0.0,0.0,0.0,19181.0,49.0,54.0,5.0, 
5546,永固-KY,2020-12-15,6.0,0.0,19181.0,96.0,230.0,320.0,0.0,0.0,0.0,19181.0,0.0,54.0,54.0, 
5546,永固-KY,2020-12-16,26.0,0.0,19181.0,1.0,255.0,230.0,0.0,0.0,0.0,19181.0,4.0,58.0,54.0, 
5546,永固-KY,2020-12-17,14.0,0.0,19181.0,2.0,267.0,255.0,0.0,0.0,0.0,19181.0,0.0,58.0,58.0, 
5546,永固-KY,2020-12-18,13.0,0.0,19181.0,2.0,278.0,267.0,0.0,0.0,0.0,19181.0,4.0,62.0,58.0, 
5546,永固-KY,2020-12-21,5.0,0.0,19181.0,0.0,283.0,278.0,0.0,0.0,39.0,19181.0,3.0,26.0,62.0, 
5546,永固-KY,2020-12-22,15.0,0.0,19181.0,3.0,295.0,283.0,0.0,0.0,0.0,19181.0,5.0,31.0,26.0, 
5546,永固-KY,2020-12-23,2.0,0.0,19181.0,7.0,290.0,295.0,0.0,0.0,0.0,19181.0,0.0,31.0,31.0, 
5546,永固-KY,2020-12-24,2.0,0.0,19181.0,10.0,282.0,290.0,0.0,0.0,0.0,19181.0,3.0,34.0,31.0, 
5546,永固-KY,2020-12-25,17.0,0.0,19181.0,9.0,290.0,282.0,0.0,0.0,0.0,19181.0,0.0,34.0,34.0, 
5546,永固-KY,2020-12-28,57.0,0.0,19181.0,9.0,338.0,290.0,0.0,0.0,0.0,19181.0,0.0,34.0,34.0, 
5546,永固-KY,2020-12-29,1.0,0.0,19181.0,12.0,327.0,338.0,0.0,0.0,0.0,19181.0,3.0,37.0,34.0, 
5546,永固-KY,2020-12-30,16.0,0.0,20006.0,0.0,343.0,327.0,0.0,0.0,0.0,20006.0,13.0,50.0,37.0, 
5546,永固-KY,2020-12-31,21.0,0.0,20006.0,1.0,363.0,343.0,0.0,13.0,2.0,20006.0,2.0,37.0,50.0, 
5546,永固-KY,2021-01-04,19.0,0.0,20006.0,11.0,371.0,363.0,0.0,2.0,0.0,20006.0,0.0,35.0,37.0, 
5546,永固-KY,2021-01-05,0.0,0.0,20006.0,2.0,369.0,371.0,0.0,0.0,28.0,20006.0,13.0,20.0,35.0, 
5546,永固-KY,2021-01-06,7.0,0.0,20006.0,4.0,372.0,369.0,0.0,0.0,0.0,20006.0,0.0,20.0,20.0, 
5546,永固-KY,2021-01-07,29.0,0.0,20006.0,16.0,385.0,372.0,0.0,1.0,0.0,20006.0,0.0,19.0,20.0, 
5546,永固-KY,2021-01-08,94.0,0.0,20006.0,3.0,476.0,385.0,0.0,0.0,0.0,20006.0,0.0,19.0,19.0, 
5546,永固-KY,2021-01-11,658.0,0.0,20006.0,14.0,1120.0,476.0,1.0,0.0,0.0,20006.0,0.0,19.0,19.0, 
5546,永固-KY,2021-01-12,108.0,0.0,20006.0,14.0,1214.0,1120.0,0.0,0.0,0.0,20006.0,55.0,74.0,19.0, 
5546,永固-KY,2021-01-13,65.0,0.0,20006.0,29.0,1250.0,1214.0,0.0,0.0,0.0,20006.0,1.0,75.0,74.0, 
5546,永固-KY,2021-01-14,473.0,0.0,20006.0,45.0,1678.0,1250.0,0.0,0.0,0.0,20006.0,27.0,102.0,75.0, 
5546,永固-KY,2021-01-15,11.0,0.0,20006.0,28.0,1661.0,1678.0,0.0,0.0,0.0,20006.0,12.0,114.0,102.0, 
5546,永固-KY,2021-01-18,12.0,0.0,20006.0,32.0,1641.0,1661.0,0.0,0.0,0.0,20006.0,14.0,128.0,114.0, 
5546,永固-KY,2021-01-19,12.0,0.0,20006.0,54.0,1599.0,1641.0,0.0,0.0,0.0,20006.0,33.0,161.0,128.0, 
5546,永固-KY,2021-01-20,14.0,0.0,20006.0,38.0,1575.0,1599.0,0.0,1.0,0.0,20006.0,0.0,160.0,161.0, 
5546,永固-KY,2021-01-21,416.0,0.0,20006.0,64.0,1927.0,1575.0,0.0,0.0,0.0,20006.0,74.0,234.0,160.0, 
5546,永固-KY,2021-01-22,97.0,0.0,20006.0,98.0,1926.0,1927.0,0.0,0.0,0.0,20006.0,234.0,468.0,234.0, 
5546,永固-KY,2021-01-25,35.0,0.0,20006.0,60.0,1901.0,1926.0,0.0,6.0,0.0,20006.0,111.0,573.0,468.0, 
5546,永固-KY,2021-01-26,85.0,0.0,20006.0,134.0,1852.0,1901.0,0.0,62.0,0.0,20006.0,68.0,579.0,573.0, 
5546,永固-KY,2021-01-27,83.0,0.0,20006.0,72.0,1863.0,1852.0,1.0,54.0,0.0,20006.0,78.0,603.0,579.0, 
5546,永固-KY,2021-01-28,3.0,0.0,20006.0,26.0,1840.0,1863.0,0.0,4.0,10.0,20006.0,0.0,589.0,603.0, 
5546,永固-KY,2021-01-29,69.0,0.0,20006.0,51.0,1858.0,1840.0,1.0,0.0,0.0,20006.0,34.0,623.0,589.0, 
5546,永固-KY,2021-02-01,17.0,0.0,20006.0,48.0,1827.0,1858.0,0.0,0.0,0.0,20006.0,5.0,628.0,623.0, 
5546,永固-KY,2021-02-02,11.0,0.0,20006.0,2.0,1836.0,1827.0,0.0,0.0,0.0,20006.0,0.0,628.0,628.0, 
5546,永固-KY,2021-02-03,6.0,0.0,20006.0,4.0,1838.0,1836.0,0.0,0.0,0.0,20006.0,0.0,628.0,628.0, 
5546,永固-KY,2021-02-04,99.0,0.0,20006.0,56.0,1881.0,1838.0,0.0,0.0,0.0,20006.0,0.0,628.0,628.0, 
5546,永固-KY,2021-02-05,52.0,0.0,20006.0,18.0,1915.0,1881.0,0.0,0.0,0.0,20006.0,0.0,628.0,628.0, 
5546,永固-KY,2021-02-17,12.0,0.0,20006.0,17.0,1910.0,1915.0,0.0,0.0,0.0,20006.0,5.0,633.0,628.0, 
5546,永固-KY,2021-02-18,2.0,0.0,20006.0,97.0,1815.0,1910.0,0.0,0.0,0.0,20006.0,0.0,633.0,633.0, 
5546,永固-KY,2021-02-19,1.0,0.0,20006.0,7.0,1809.0,1815.0,0.0,0.0,0.0,20006.0,35.0,668.0,633.0, 
5546,永固-KY,2021-02-22,0.0,0.0,20006.0,2.0,1807.0,1809.0,0.0,0.0,0.0,20006.0,0.0,668.0,668.0, 
5546,永固-KY,2021-02-23,3.0,0.0,20006.0,63.0,1747.0,1807.0,0.0,0.0,0.0,20006.0,0.0,668.0,668.0, 
5546,永固-KY,2021-02-24,13.0,0.0,20006.0,1.0,1759.0,1747.0,0.0,0.0,0.0,20006.0,0.0,668.0,668.0, 
5546,永固-KY,2021-02-25,7.0,0.0,20006.0,15.0,1751.0,1759.0,0.0,0.0,0.0,20006.0,0.0,668.0,668.0, 
5546,永固-KY,2021-02-26,0.0,0.0,20006.0,0.0,1751.0,1751.0,0.0,0.0,0.0,20006.0,0.0,668.0,668.0, 
5546,永固-KY,2021-03-02,1.0,0.0,20006.0,13.0,1739.0,1751.0,0.0,0.0,0.0,20006.0,0.0,668.0,668.0, 
5546,永固-KY,2021-03-03,1.0,0.0,20006.0,26.0,1714.0,1739.0,0.0,0.0,0.0,20006.0,0.0,668.0,668.0, 
5546,永固-KY,2021-03-04,22.0,0.0,20006.0,0.0,1736.0,1714.0,0.0,0.0,0.0,20006.0,0.0,668.0,668.0, 
5546,永固-KY,2021-03-05,8.0,0.0,20006.0,2.0,1742.0,1736.0,0.0,0.0,0.0,20006.0,0.0,668.0,668.0, 
5546,永固-KY,2021-03-08,4.0,0.0,20006.0,1.0,1745.0,1742.0,0.0,0.0,0.0,20006.0,0.0,668.0,668.0, 
5546,永固-KY,2021-03-09,4.0,0.0,20006.0,0.0,1749.0,1745.0,0.0,0.0,0.0,20006.0,0.0,668.0,668.0, 
5546,永固-KY,2021-03-10,32.0,0.0,20006.0,0.0,1781.0,1749.0,0.0,0.0,0.0,20006.0,0.0,668.0,668.0, 
5546,永固-KY,2021-03-11,37.0,0.0,20006.0,7.0,1811.0,1781.0,0.0,0.0,0.0,20006.0,0.0,668.0,668.0, 
5546,永固-KY,2021-03-12,16.0,0.0,20006.0,0.0,1827.0,1811.0,0.0,0.0,0.0,20006.0,0.0,668.0,668.0, 
5546,永固-KY,2021-03-15,11.0,0.0,20006.0,28.0,1810.0,1827.0,0.0,0.0,0.0,20006.0,0.0,668.0,668.0, 
5546,永固-KY,2021-03-16,39.0,0.0,20006.0,13.0,1836.0,1810.0,1.0,0.0,0.0,20006.0,0.0,668.0,668.0, 
5546,永固-KY,2021-03-17,9.0,0.0,20006.0,31.0,1814.0,1836.0,0.0,0.0,0.0,20006.0,0.0,668.0,668.0, 
5546,永固-KY,2021-03-18,25.0,0.0,20006.0,17.0,1822.0,1814.0,0.0,0.0,0.0,20006.0,0.0,668.0,668.0, 
5546,永固-KY,2021-03-19,56.0,0.0,20006.0,25.0,1853.0,1822.0,0.0,0.0,0.0,20006.0,0.0,668.0,668.0, 
5546,永固-KY,2021-03-22,17.0,0.0,20006.0,60.0,1810.0,1853.0,0.0,0.0,505.0,20006.0,0.0,163.0,668.0, 
5546,永固-KY,2021-03-23,11.0,0.0,20006.0,8.0,1813.0,1810.0,0.0,143.0,17.0,20006.0,0.0,3.0,163.0, 
5546,永固-KY,2021-03-24,6.0,0.0,20006.0,9.0,1810.0,1813.0,0.0,0.0,1.0,20006.0,0.0,2.0,3.0,X 
5546,永固-KY,2021-03-25,0.0,0.0,20006.0,1.0,1809.0,1810.0,0.0,0.0,2.0,20006.0,0.0,0.0,2.0,X 
5546,永固-KY,2021-03-26,1.0,0.0,20006.0,4.0,1806.0,1809.0,0.0,0.0,0.0,20006.0,0.0,0.0,0.0,X 
5546,永固-KY,2021-03-29,6.0,0.0,20006.0,10.0,1802.0,1806.0,0.0,0.0,0.0,20006.0,0.0,0.0,0.0,X 
5546,永固-KY,2021-03-30,50.0,0.0,20006.0,1.0,1851.0,1802.0,0.0,0.0,0.0,20006.0,0.0,0.0,0.0, 
5546,永固-KY,2021-03-31,22.0,0.0,20006.0,5.0,1868.0,1851.0,0.0,0.0,0.0,20006.0,0.0,0.0,0.0, 
5546,永固-KY,2021-04-01,24.0,0.0,20006.0,16.0,1876.0,1868.0,0.0,0.0,0.0,20006.0,0.0,0.0,0.0, 
5546,永固-KY,2021-04-06,11.0,0.0,20006.0,48.0,1839.0,1876.0,0.0,0.0,0.0,20006.0,0.0,0.0,0.0, 
5546,永固-KY,2021-04-07,17.0,0.0,20006.0,2.0,1854.0,1839.0,0.0,0.0,0.0,20006.0,0.0,0.0,0.0, 
5546,永固-KY,2021-04-08,4.0,0.0,20006.0,6.0,1852.0,1854.0,0.0,0.0,0.0,20006.0,0.0,0.0,0.0, 
5546,永固-KY,2021-04-09,36.0,0.0,20006.0,12.0,1876.0,1852.0,0.0,0.0,0.0,20006.0,0.0,0.0,0.0, 
5546,永固-KY,2021-04-12,8.0,0.0,20006.0,1.0,1883.0,1876.0,0.0,0.0,0.0,20006.0,0.0,0.0,0.0, 
5546,永固-KY,2021-04-13,20.0,0.0,20006.0,11.0,1892.0,1883.0,0.0,0.0,0.0,20006.0,0.0,0.0,0.0, 
5546,永固-KY,2021-04-14,162.0,0.0,20497.0,1.0,2053.0,1892.0,0.0,0.0,0.0,20497.0,0.0,0.0,0.0, 
5546,永固-KY,2021-04-15,28.0,0.0,20497.0,1.0,2080.0,2053.0,0.0,0.0,0.0,20497.0,0.0,0.0,0.0, 
5546,永固-KY,2021-04-16,24.0,0.0,20497.0,31.0,2073.0,2080.0,0.0,0.0,0.0,20497.0,0.0,0.0,0.0, 
5546,永固-KY,2021-04-19,26.0,0.0,20497.0,15.0,2084.0,2073.0,0.0,0.0,0.0,20497.0,0.0,0.0,0.0, 
5546,永固-KY,2021-04-20,28.0,0.0,20497.0,14.0,2098.0,2084.0,0.0,0.0,0.0,20497.0,2.0,2.0,0.0, 
5546,永固-KY,2021-04-21,34.0,0.0,20497.0,2.0,2130.0,2098.0,0.0,0.0,0.0,20497.0,194.0,196.0,2.0, 
5546,永固-KY,2021-04-22,7.0,0.0,20497.0,13.0,2124.0,2130.0,0.0,0.0,0.0,20497.0,0.0,196.0,196.0, 
5546,永固-KY,2021-04-23,7.0,0.0,20497.0,18.0,2113.0,2124.0,0.0,0.0,0.0,20497.0,0.0,196.0,196.0, 
