stock_id,stock_name,date,MarginPurchaseBuy,MarginPurchaseCashRepayment,MarginPurchaseLimit,MarginPurchaseSell,MarginPurchaseTodayBalance,MarginPurchaseYesterdayBalance,OffsetLoanAndShort,ShortSaleBuy,ShortSaleCashRepayment,ShortSaleLimit,ShortSaleSell,ShortSaleTodayBalance,ShortSaleYesterdayBalance,Note
6578,達邦蛋白,2020-11-02,0.0,0.0,7532.0,0.0,0.0,0.0,0.0,0.0,0.0,7532.0,0.0,0.0,0.0,
6578,達邦蛋白,2020-11-03,30.0,0.0,7532.0,0.0,30.0,0.0,1.0,0.0,0.0,7532.0,0.0,0.0,0.0,
6578,達邦蛋白,2020-11-04,5.0,0.0,7532.0,13.0,22.0,30.0,0.0,0.0,0.0,7532.0,0.0,0.0,0.0,
6578,達邦蛋白,2020-11-05,36.0,0.0,7532.0,6.0,52.0,22.0,0.0,0.0,0.0,7532.0,0.0,0.0,0.0,
6578,達邦蛋白,2020-11-06,6.0,0.0,7532.0,2.0,56.0,52.0,0.0,0.0,0.0,7532.0,0.0,0.0,0.0,
6578,達邦蛋白,2020-11-09,49.0,0.0,7532.0,4.0,101.0,56.0,1.0,0.0,0.0,7532.0,0.0,0.0,0.0,
6578,達邦蛋白,2020-11-10,8.0,0.0,7532.0,6.0,103.0,101.0,0.0,0.0,0.0,7532.0,0.0,0.0,0.0,
6578,達邦蛋白,2020-11-11,11.0,0.0,7532.0,2.0,112.0,103.0,0.0,0.0,0.0,7532.0,0.0,0.0,0.0,
6578,達邦蛋白,2020-11-12,17.0,0.0,7532.0,4.0,125.0,112.0,0.0,0.0,0.0,7532.0,0.0,0.0,0.0,
6578,達邦蛋白,2020-11-13,10.0,0.0,7532.0,1.0,134.0,125.0,0.0,0.0,0.0,7532.0,0.0,0.0,0.0,
6578,達邦蛋白,2020-11-16,4.0,0.0,7532.0,2.0,136.0,134.0,0.0,0.0,0.0,7532.0,0.0,0.0,0.0,
6578,達邦蛋白,2020-11-17,6.0,0.0,7532.0,0.0,142.0,136.0,0.0,0.0,0.0,7532.0,0.0,0.0,0.0,
6578,達邦蛋白,2020-11-18,6.0,0.0,7532.0,2.0,146.0,142.0,0.0,0.0,0.0,7532.0,0.0,0.0,0.0,
6578,達邦蛋白,2020-11-19,6.0,0.0,7532.0,2.0,150.0,146.0,0.0,0.0,0.0,7532.0,0.0,0.0,0.0,
6578,達邦蛋白,2020-11-20,12.0,0.0,7532.0,0.0,162.0,150.0,0.0,0.0,0.0,7532.0,0.0,0.0,0.0,
6578,達邦蛋白,2020-11-23,7.0,0.0,7532.0,4.0,165.0,162.0,0.0,0.0,0.0,7532.0,0.0,0.0,0.0,
6578,達邦蛋白,2020-11-24,13.0,0.0,7532.0,2.0,176.0,165.0,0.0,0.0,0.0,7532.0,0.0,0.0,0.0,
6578,達邦蛋白,2020-11-25,9.0,0.0,7532.0,0.0,185.0,176.0,0.0,0.0,0.0,7532.0,0.0,0.0,0.0,
6578,達邦蛋白,2020-11-26,1.0,0.0,7532.0,6.0,180.0,185.0,0.0,0.0,0.0,7532.0,0.0,0.0,0.0,
6578,達邦蛋白,2020-11-27,5.0,0.0,7532.0,31.0,154.0,180.0,0.0,0.0,0.0,7532.0,0.0,0.0,0.0,
6578,達邦蛋白,2020-11-30,5.0,0.0,7532.0,0.0,159.0,154.0,0.0,0.0,0.0,7532.0,0.0,0.0,0.0,
6578,達邦蛋白,2020-12-01,4.0,0.0,7532.0,5.0,158.0,159.0,0.0,0.0,0.0,7532.0,0.0,0.0,0.0,
6578,達邦蛋白,2020-12-02,2.0,0.0,7532.0,2.0,158.0,158.0,0.0,0.0,0.0,7532.0,0.0,0.0,0.0,
6578,達邦蛋白,2020-12-03,5.0,0.0,7532.0,2.0,161.0,158.0,0.0,0.0,0.0,7532.0,0.0,0.0,0.0,
6578,達邦蛋白,2020-12-04,18.0,0.0,7532.0,2.0,177.0,161.0,0.0,0.0,0.0,7532.0,0.0,0.0,0.0,
6578,達邦蛋白,2020-12-07,26.0,0.0,7532.0,19.0,184.0,177.0,0.0,0.0,0.0,7532.0,0.0,0.0,0.0,
6578,達邦蛋白,2020-12-08,27.0,0.0,7532.0,32.0,179.0,184.0,0.0,0.0,0.0,7532.0,0.0,0.0,0.0,
6578,達邦蛋白,2020-12-09,37.0,0.0,7532.0,36.0,180.0,179.0,3.0,0.0,0.0,7532.0,0.0,0.0,0.0,
6578,達邦蛋白,2020-12-10,5.0,0.0,7532.0,12.0,173.0,180.0,0.0,0.0,0.0,7532.0,0.0,0.0,0.0,
6578,達邦蛋白,2020-12-11,19.0,0.0,7532.0,6.0,186.0,173.0,0.0,0.0,0.0,7532.0,0.0,0.0,0.0,
6578,達邦蛋白,2020-12-14,10.0,0.0,7532.0,4.0,192.0,186.0,0.0,0.0,0.0,7532.0,0.0,0.0,0.0,
6578,達邦蛋白,2020-12-15,2.0,0.0,7532.0,2.0,192.0,192.0,0.0,0.0,0.0,7532.0,0.0,0.0,0.0,
6578,達邦蛋白,2020-12-16,0.0,0.0,7532.0,1.0,191.0,192.0,0.0,0.0,0.0,7532.0,0.0,0.0,0.0,
6578,達邦蛋白,2020-12-17,0.0,0.0,7532.0,2.0,189.0,191.0,0.0,0.0,0.0,7532.0,0.0,0.0,0.0,
6578,達邦蛋白,2020-12-18,5.0,0.0,7532.0,6.0,188.0,189.0,0.0,0.0,0.0,7532.0,0.0,0.0,0.0,
6578,達邦蛋白,2020-12-21,2.0,0.0,7532.0,10.0,180.0,188.0,0.0,0.0,0.0,7532.0,0.0,0.0,0.0,
6578,達邦蛋白,2020-12-22,4.0,0.0,7532.0,10.0,174.0,180.0,0.0,0.0,0.0,7532.0,0.0,0.0,0.0,
6578,達邦蛋白,2020-12-23,0.0,0.0,7532.0,3.0,171.0,174.0,0.0,0.0,0.0,7532.0,0.0,0.0,0.0,
6578,達邦蛋白,2020-12-24,12.0,0.0,7532.0,1.0,182.0,171.0,0.0,0.0,0.0,7532.0,0.0,0.0,0.0,
6578,達邦蛋白,2020-12-25,10.0,0.0,7532.0,5.0,187.0,182.0,0.0,0.0,0.0,7532.0,0.0,0.0,0.0,
6578,達邦蛋白,2020-12-28,0.0,0.0,7532.0,5.0,182.0,187.0,0.0,0.0,0.0,7532.0,0.0,0.0,0.0,
6578,達邦蛋白,2020-12-29,41.0,0.0,7532.0,4.0,219.0,182.0,0.0,0.0,0.0,7532.0,0.0,0.0,0.0,
6578,達邦蛋白,2020-12-30,45.0,0.0,7532.0,6.0,258.0,219.0,0.0,0.0,0.0,7532.0,0.0,0.0,0.0,
6578,達邦蛋白,2020-12-31,12.0,0.0,7532.0,9.0,261.0,258.0,2.0,0.0,0.0,7532.0,0.0,0.0,0.0,
6578,達邦蛋白,2021-01-04,102.0,0.0,7532.0,19.0,344.0,261.0,0.0,0.0,0.0,7532.0,0.0,0.0,0.0,
6578,達邦蛋白,2021-01-05,19.0,0.0,7532.0,73.0,290.0,344.0,0.0,0.0,0.0,7532.0,0.0,0.0,0.0,
6578,達邦蛋白,2021-01-06,19.0,0.0,7532.0,17.0,292.0,290.0,1.0,0.0,0.0,7532.0,0.0,0.0,0.0,
6578,達邦蛋白,2021-01-07,5.0,0.0,7532.0,13.0,284.0,292.0,0.0,0.0,0.0,7532.0,0.0,0.0,0.0,
6578,達邦蛋白,2021-01-08,2.0,0.0,7532.0,16.0,270.0,284.0,0.0,0.0,0.0,7532.0,0.0,0.0,0.0,
6578,達邦蛋白,2021-01-11,4.0,0.0,7532.0,1.0,273.0,270.0,0.0,0.0,0.0,7532.0,0.0,0.0,0.0,
6578,達邦蛋白,2021-01-12,27.0,0.0,7532.0,6.0,294.0,273.0,0.0,0.0,0.0,7532.0,0.0,0.0,0.0,
6578,達邦蛋白,2021-01-13,0.0,0.0,7532.0,5.0,289.0,294.0,0.0,0.0,0.0,7532.0,0.0,0.0,0.0,
6578,達邦蛋白,2021-01-14,12.0,0.0,7532.0,2.0,299.0,289.0,0.0,0.0,0.0,7532.0,0.0,0.0,0.0,
6578,達邦蛋白,2021-01-15,2.0,0.0,7532.0,3.0,298.0,299.0,0.0,0.0,0.0,7532.0,0.0,0.0,0.0,
6578,達邦蛋白,2021-01-18,1.0,0.0,7532.0,2.0,297.0,298.0,0.0,0.0,0.0,7532.0,0.0,0.0,0.0,
6578,達邦蛋白,2021-01-19,4.0,0.0,7532.0,0.0,301.0,297.0,0.0,0.0,0.0,7532.0,0.0,0.0,0.0,
6578,達邦蛋白,2021-01-20,30.0,0.0,7532.0,5.0,326.0,301.0,0.0,0.0,0.0,7532.0,0.0,0.0,0.0,
6578,達邦蛋白,2021-01-21,28.0,0.0,7532.0,4.0,350.0,326.0,0.0,0.0,0.0,7532.0,0.0,0.0,0.0,
6578,達邦蛋白,2021-01-22,3.0,0.0,7532.0,15.0,338.0,350.0,0.0,0.0,0.0,7532.0,0.0,0.0,0.0,
6578,達邦蛋白,2021-01-25,2.0,0.0,7532.0,1.0,339.0,338.0,1.0,0.0,0.0,7532.0,0.0,0.0,0.0,
6578,達邦蛋白,2021-01-26,0.0,0.0,7532.0,0.0,339.0,339.0,0.0,0.0,0.0,7532.0,0.0,0.0,0.0,
6578,達邦蛋白,2021-01-27,2.0,0.0,7532.0,1.0,340.0,339.0,0.0,0.0,0.0,7532.0,0.0,0.0,0.0,
6578,達邦蛋白,2021-01-28,2.0,0.0,7532.0,5.0,337.0,340.0,0.0,0.0,0.0,7532.0,0.0,0.0,0.0,
6578,達邦蛋白,2021-01-29,2.0,0.0,7532.0,5.0,334.0,337.0,0.0,0.0,0.0,7532.0,0.0,0.0,0.0,
6578,達邦蛋白,2021-02-01,1.0,0.0,7532.0,1.0,334.0,334.0,0.0,0.0,0.0,7532.0,0.0,0.0,0.0,
6578,達邦蛋白,2021-02-02,0.0,0.0,7532.0,1.0,333.0,334.0,0.0,0.0,0.0,7532.0,0.0,0.0,0.0,
6578,達邦蛋白,2021-02-03,1.0,0.0,7532.0,0.0,334.0,333.0,0.0,0.0,0.0,7532.0,0.0,0.0,0.0,
6578,達邦蛋白,2021-02-04,1.0,0.0,7532.0,4.0,331.0,334.0,0.0,0.0,0.0,7532.0,0.0,0.0,0.0,
6578,達邦蛋白,2021-02-05,2.0,0.0,7532.0,2.0,331.0,331.0,0.0,0.0,0.0,7532.0,0.0,0.0,0.0,
6578,達邦蛋白,2021-02-17,5.0,0.0,7532.0,2.0,334.0,331.0,0.0,0.0,0.0,7532.0,0.0,0.0,0.0,
6578,達邦蛋白,2021-02-18,1.0,0.0,7532.0,0.0,335.0,334.0,0.0,0.0,0.0,7532.0,0.0,0.0,0.0,
6578,達邦蛋白,2021-02-19,3.0,0.0,7532.0,7.0,331.0,335.0,0.0,0.0,0.0,7532.0,0.0,0.0,0.0,
6578,達邦蛋白,2021-02-22,13.0,0.0,7532.0,30.0,314.0,331.0,0.0,0.0,0.0,7532.0,0.0,0.0,0.0,
6578,達邦蛋白,2021-02-23,2.0,0.0,7532.0,13.0,303.0,314.0,0.0,0.0,0.0,7532.0,0.0,0.0,0.0,
6578,達邦蛋白,2021-02-24,0.0,0.0,7532.0,2.0,301.0,303.0,0.0,0.0,0.0,7532.0,0.0,0.0,0.0,
6578,達邦蛋白,2021-02-25,13.0,0.0,7532.0,4.0,310.0,301.0,0.0,0.0,0.0,7532.0,0.0,0.0,0.0,
6578,達邦蛋白,2021-02-26,0.0,0.0,7532.0,10.0,300.0,310.0,0.0,0.0,0.0,7532.0,0.0,0.0,0.0,
6578,達邦蛋白,2021-03-02,2.0,0.0,7532.0,17.0,285.0,300.0,0.0,0.0,0.0,7532.0,0.0,0.0,0.0,
6578,達邦蛋白,2021-03-03,0.0,0.0,7532.0,0.0,285.0,285.0,0.0,0.0,0.0,7532.0,0.0,0.0,0.0,
6578,達邦蛋白,2021-03-04,2.0,0.0,7532.0,2.0,285.0,285.0,0.0,0.0,0.0,7532.0,0.0,0.0,0.0,
6578,達邦蛋白,2021-03-05,1.0,0.0,7532.0,3.0,283.0,285.0,0.0,0.0,0.0,7532.0,0.0,0.0,0.0,
6578,達邦蛋白,2021-03-08,9.0,0.0,7532.0,1.0,291.0,283.0,0.0,0.0,0.0,7532.0,0.0,0.0,0.0,
6578,達邦蛋白,2021-03-09,6.0,0.0,7532.0,11.0,286.0,291.0,0.0,0.0,0.0,7532.0,0.0,0.0,0.0,
6578,達邦蛋白,2021-03-10,111.0,0.0,7532.0,44.0,353.0,286.0,0.0,0.0,0.0,7532.0,0.0,0.0,0.0,
6578,達邦蛋白,2021-03-11,23.0,0.0,7532.0,51.0,325.0,353.0,0.0,0.0,0.0,7532.0,0.0,0.0,0.0,
6578,達邦蛋白,2021-03-12,5.0,0.0,7532.0,7.0,323.0,325.0,0.0,0.0,0.0,7532.0,0.0,0.0,0.0,
6578,達邦蛋白,2021-03-15,10.0,0.0,7532.0,8.0,325.0,323.0,0.0,0.0,0.0,7532.0,0.0,0.0,0.0,
6578,達邦蛋白,2021-03-16,11.0,0.0,7532.0,5.0,331.0,325.0,0.0,0.0,0.0,7532.0,0.0,0.0,0.0,
6578,達邦蛋白,2021-03-17,19.0,0.0,7532.0,19.0,331.0,331.0,0.0,0.0,0.0,7532.0,0.0,0.0,0.0,
6578,達邦蛋白,2021-03-18,6.0,0.0,7532.0,60.0,277.0,331.0,0.0,0.0,0.0,7532.0,0.0,0.0,0.0,
6578,達邦蛋白,2021-03-19,12.0,0.0,7532.0,1.0,288.0,277.0,0.0,0.0,0.0,7532.0,0.0,0.0,0.0,
6578,達邦蛋白,2021-03-22,26.0,0.0,7532.0,19.0,295.0,288.0,0.0,0.0,0.0,7532.0,0.0,0.0,0.0,
6578,達邦蛋白,2021-03-23,6.0,0.0,7532.0,22.0,279.0,295.0,0.0,0.0,0.0,7532.0,0.0,0.0,0.0,
6578,達邦蛋白,2021-03-24,1.0,0.0,7532.0,14.0,266.0,279.0,0.0,0.0,0.0,7532.0,0.0,0.0,0.0,
6578,達邦蛋白,2021-03-25,7.0,0.0,7532.0,2.0,271.0,266.0,0.0,0.0,0.0,7532.0,0.0,0.0,0.0,
6578,達邦蛋白,2021-03-26,0.0,0.0,7532.0,3.0,268.0,271.0,0.0,0.0,0.0,7532.0,0.0,0.0,0.0,
6578,達邦蛋白,2021-03-29,5.0,0.0,7532.0,0.0,273.0,268.0,0.0,0.0,0.0,7532.0,0.0,0.0,0.0,
6578,達邦蛋白,2021-03-30,1.0,0.0,7532.0,3.0,271.0,273.0,0.0,0.0,0.0,7532.0,0.0,0.0,0.0,X
6578,達邦蛋白,2021-03-31,0.0,0.0,7532.0,3.0,268.0,271.0,0.0,0.0,0.0,7532.0,0.0,0.0,0.0,X
6578,達邦蛋白,2021-04-01,4.0,0.0,7532.0,0.0,272.0,268.0,0.0,0.0,0.0,7532.0,0.0,0.0,0.0,X
6578,達邦蛋白,2021-04-06,1.0,0.0,7532.0,4.0,269.0,272.0,0.0,0.0,0.0,7532.0,0.0,0.0,0.0,X
6578,達邦蛋白,2021-04-07,3.0,0.0,7532.0,1.0,271.0,269.0,0.0,0.0,0.0,7532.0,0.0,0.0,0.0,
6578,達邦蛋白,2021-04-08,9.0,0.0,7532.0,6.0,274.0,271.0,0.0,0.0,0.0,7532.0,0.0,0.0,0.0,
6578,達邦蛋白,2021-04-09,3.0,0.0,7532.0,0.0,277.0,274.0,0.0,0.0,0.0,7532.0,0.0,0.0,0.0,
6578,達邦蛋白,2021-04-12,14.0,0.0,7532.0,6.0,285.0,277.0,0.0,0.0,0.0,7532.0,0.0,0.0,0.0,
6578,達邦蛋白,2021-04-13,15.0,0.0,7532.0,6.0,294.0,285.0,0.0,0.0,0.0,7532.0,0.0,0.0,0.0,
6578,達邦蛋白,2021-04-14,3.0,0.0,7532.0,1.0,296.0,294.0,0.0,0.0,0.0,7532.0,0.0,0.0,0.0,
6578,達邦蛋白,2021-04-15,0.0,0.0,7532.0,2.0,294.0,296.0,0.0,0.0,0.0,7532.0,0.0,0.0,0.0,
6578,達邦蛋白,2021-04-16,6.0,0.0,7532.0,1.0,299.0,294.0,0.0,0.0,0.0,7532.0,0.0,0.0,0.0,
6578,達邦蛋白,2021-04-19,2.0,0.0,7532.0,2.0,299.0,299.0,0.0,0.0,0.0,7532.0,0.0,0.0,0.0,
6578,達邦蛋白,2021-04-20,11.0,2.0,7532.0,9.0,299.0,299.0,0.0,0.0,0.0,7532.0,0.0,0.0,0.0,
6578,達邦蛋白,2021-04-21,64.0,0.0,7532.0,3.0,360.0,299.0,0.0,0.0,0.0,7532.0,0.0,0.0,0.0,
6578,達邦蛋白,2021-04-22,38.0,0.0,7532.0,3.0,395.0,360.0,0.0,0.0,0.0,7532.0,0.0,0.0,0.0,
6578,達邦蛋白,2021-04-23,7.0,0.0,7532.0,2.0,400.0,395.0,0.0,0.0,0.0,7532.0,0.0,0.0,0.0,
