stock_id,stock_name,date,MarginPurchaseBuy,MarginPurchaseCashRepayment,MarginPurchaseLimit,MarginPurchaseSell,MarginPurchaseTodayBalance,MarginPurchaseYesterdayBalance,OffsetLoanAndShort,ShortSaleBuy,ShortSaleCashRepayment,ShortSaleLimit,ShortSaleSell,ShortSaleTodayBalance,ShortSaleYesterdayBalance,Note
6596,寬宏藝術,2020-10-26,0.0,0.0,7500.0,0.0,0.0,0.0,0.0,0.0,0.0,7500.0,0.0,0.0,0.0,
6596,寬宏藝術,2020-10-27,0.0,0.0,7500.0,0.0,0.0,0.0,0.0,0.0,0.0,7500.0,0.0,0.0,0.0,X
6596,寬宏藝術,2020-10-28,0.0,0.0,7500.0,0.0,0.0,0.0,0.0,0.0,0.0,7500.0,0.0,0.0,0.0,X
6596,寬宏藝術,2020-10-29,2.0,0.0,7500.0,0.0,2.0,0.0,0.0,0.0,0.0,7500.0,0.0,0.0,0.0,
6596,寬宏藝術,2020-10-30,0.0,0.0,7500.0,0.0,2.0,2.0,0.0,0.0,0.0,7500.0,0.0,0.0,0.0,
6596,寬宏藝術,2020-11-02,0.0,0.0,7500.0,0.0,2.0,2.0,0.0,0.0,0.0,7500.0,0.0,0.0,0.0,11     C
6596,寬宏藝術,2020-11-03,0.0,0.0,7500.0,2.0,0.0,2.0,0.0,0.0,0.0,7500.0,0.0,0.0,0.0,11 X   C
6596,寬宏藝術,2020-11-04,1.0,0.0,7500.0,0.0,1.0,0.0,0.0,0.0,0.0,7500.0,0.0,0.0,0.0,11     C
6596,寬宏藝術,2020-11-05,0.0,0.0,7500.0,0.0,1.0,1.0,0.0,0.0,0.0,7500.0,0.0,0.0,0.0,11     C
6596,寬宏藝術,2020-11-06,3.0,0.0,7500.0,1.0,3.0,1.0,0.0,0.0,0.0,7500.0,0.0,0.0,0.0,11     C
6596,寬宏藝術,2020-11-09,11.0,0.0,7500.0,0.0,14.0,3.0,0.0,0.0,0.0,7500.0,0.0,0.0,0.0,11     C
6596,寬宏藝術,2020-11-10,6.0,0.0,7500.0,2.0,18.0,14.0,1.0,0.0,0.0,7500.0,0.0,0.0,0.0,11     C
6596,寬宏藝術,2020-11-11,0.0,0.0,7500.0,2.0,16.0,18.0,0.0,0.0,0.0,7500.0,0.0,0.0,0.0,11     C
6596,寬宏藝術,2020-11-12,0.0,0.0,7500.0,2.0,14.0,16.0,0.0,0.0,0.0,7500.0,0.0,0.0,0.0,11     C
6596,寬宏藝術,2020-11-13,0.0,0.0,7500.0,0.0,14.0,14.0,0.0,0.0,0.0,7500.0,0.0,0.0,0.0,11     C
6596,寬宏藝術,2020-11-16,2.0,0.0,7500.0,0.0,16.0,14.0,0.0,0.0,0.0,7500.0,0.0,0.0,0.0,
6596,寬宏藝術,2020-11-17,0.0,0.0,7500.0,2.0,14.0,16.0,0.0,0.0,0.0,7500.0,0.0,0.0,0.0,
6596,寬宏藝術,2020-11-18,6.0,0.0,7500.0,5.0,15.0,14.0,0.0,0.0,0.0,7500.0,0.0,0.0,0.0,
6596,寬宏藝術,2020-11-19,1.0,0.0,7500.0,1.0,15.0,15.0,0.0,0.0,0.0,7500.0,0.0,0.0,0.0,
6596,寬宏藝術,2020-11-20,21.0,0.0,7500.0,3.0,33.0,15.0,0.0,0.0,0.0,7500.0,0.0,0.0,0.0,
6596,寬宏藝術,2020-11-23,9.0,0.0,7500.0,10.0,32.0,33.0,0.0,0.0,0.0,7500.0,0.0,0.0,0.0,
6596,寬宏藝術,2020-11-24,2.0,0.0,7500.0,2.0,32.0,32.0,0.0,0.0,0.0,7500.0,0.0,0.0,0.0,
6596,寬宏藝術,2020-11-25,12.0,0.0,7500.0,3.0,41.0,32.0,0.0,0.0,0.0,7500.0,0.0,0.0,0.0,
6596,寬宏藝術,2020-11-26,1.0,0.0,7500.0,3.0,39.0,41.0,0.0,0.0,0.0,7500.0,0.0,0.0,0.0,
6596,寬宏藝術,2020-11-27,16.0,0.0,7500.0,4.0,51.0,39.0,0.0,0.0,0.0,7500.0,0.0,0.0,0.0,
6596,寬宏藝術,2020-11-30,11.0,0.0,7500.0,14.0,48.0,51.0,0.0,0.0,0.0,7500.0,0.0,0.0,0.0,
6596,寬宏藝術,2020-12-01,5.0,0.0,7500.0,6.0,47.0,48.0,0.0,0.0,0.0,7500.0,0.0,0.0,0.0,
6596,寬宏藝術,2020-12-02,1.0,0.0,7500.0,0.0,48.0,47.0,0.0,0.0,0.0,7500.0,0.0,0.0,0.0,
6596,寬宏藝術,2020-12-03,0.0,0.0,7500.0,2.0,46.0,48.0,0.0,0.0,0.0,7500.0,0.0,0.0,0.0,
6596,寬宏藝術,2020-12-04,24.0,0.0,7500.0,0.0,70.0,46.0,0.0,0.0,0.0,7500.0,0.0,0.0,0.0,
6596,寬宏藝術,2020-12-07,13.0,0.0,7500.0,10.0,73.0,70.0,0.0,0.0,0.0,7500.0,0.0,0.0,0.0,
6596,寬宏藝術,2020-12-08,2.0,0.0,7500.0,1.0,74.0,73.0,0.0,0.0,0.0,7500.0,0.0,0.0,0.0,
6596,寬宏藝術,2020-12-09,0.0,0.0,7500.0,2.0,72.0,74.0,0.0,0.0,0.0,7500.0,0.0,0.0,0.0,
6596,寬宏藝術,2020-12-10,18.0,0.0,7500.0,32.0,58.0,72.0,0.0,0.0,0.0,7500.0,0.0,0.0,0.0,
6596,寬宏藝術,2020-12-11,2.0,0.0,7500.0,0.0,60.0,58.0,0.0,0.0,0.0,7500.0,0.0,0.0,0.0,
6596,寬宏藝術,2020-12-14,1.0,0.0,7500.0,0.0,61.0,60.0,0.0,0.0,0.0,7500.0,0.0,0.0,0.0,
6596,寬宏藝術,2020-12-15,0.0,0.0,7500.0,1.0,60.0,61.0,0.0,0.0,0.0,7500.0,0.0,0.0,0.0,
6596,寬宏藝術,2020-12-16,2.0,0.0,7500.0,0.0,62.0,60.0,0.0,0.0,0.0,7500.0,0.0,0.0,0.0,
6596,寬宏藝術,2020-12-17,0.0,0.0,7500.0,2.0,60.0,62.0,0.0,0.0,0.0,7500.0,0.0,0.0,0.0,
6596,寬宏藝術,2020-12-18,1.0,0.0,7500.0,0.0,61.0,60.0,0.0,0.0,0.0,7500.0,0.0,0.0,0.0,
6596,寬宏藝術,2020-12-21,1.0,0.0,7500.0,0.0,62.0,61.0,0.0,0.0,0.0,7500.0,0.0,0.0,0.0,
6596,寬宏藝術,2020-12-22,0.0,0.0,7500.0,1.0,61.0,62.0,0.0,0.0,0.0,7500.0,0.0,0.0,0.0,
6596,寬宏藝術,2020-12-23,3.0,0.0,7500.0,0.0,64.0,61.0,0.0,0.0,0.0,7500.0,0.0,0.0,0.0,
6596,寬宏藝術,2020-12-24,0.0,0.0,7500.0,0.0,64.0,64.0,0.0,0.0,0.0,7500.0,0.0,0.0,0.0,
6596,寬宏藝術,2020-12-25,0.0,0.0,7500.0,2.0,62.0,64.0,0.0,0.0,0.0,7500.0,0.0,0.0,0.0,
6596,寬宏藝術,2020-12-28,5.0,0.0,7500.0,11.0,56.0,62.0,0.0,0.0,0.0,7500.0,0.0,0.0,0.0,
6596,寬宏藝術,2020-12-29,0.0,0.0,7500.0,4.0,52.0,56.0,0.0,0.0,0.0,7500.0,0.0,0.0,0.0,
6596,寬宏藝術,2020-12-30,0.0,0.0,7500.0,0.0,52.0,52.0,0.0,0.0,0.0,7500.0,0.0,0.0,0.0,
6596,寬宏藝術,2020-12-31,0.0,0.0,7500.0,0.0,52.0,52.0,0.0,0.0,0.0,7500.0,0.0,0.0,0.0,
6596,寬宏藝術,2021-01-04,7.0,0.0,7500.0,10.0,49.0,52.0,0.0,0.0,0.0,7500.0,0.0,0.0,0.0,
6596,寬宏藝術,2021-01-05,1.0,0.0,7500.0,0.0,50.0,49.0,0.0,0.0,0.0,7500.0,0.0,0.0,0.0,
6596,寬宏藝術,2021-01-06,6.0,0.0,7500.0,0.0,56.0,50.0,0.0,0.0,0.0,7500.0,0.0,0.0,0.0,
6596,寬宏藝術,2021-01-07,4.0,0.0,7500.0,2.0,58.0,56.0,0.0,0.0,0.0,7500.0,0.0,0.0,0.0,
6596,寬宏藝術,2021-01-08,17.0,0.0,7500.0,0.0,75.0,58.0,0.0,0.0,0.0,7500.0,0.0,0.0,0.0,
6596,寬宏藝術,2021-01-11,17.0,0.0,7500.0,8.0,84.0,75.0,0.0,0.0,0.0,7500.0,0.0,0.0,0.0,
6596,寬宏藝術,2021-01-12,4.0,0.0,7500.0,19.0,69.0,84.0,0.0,0.0,0.0,7500.0,0.0,0.0,0.0,
6596,寬宏藝術,2021-01-13,0.0,0.0,7500.0,0.0,69.0,69.0,0.0,0.0,0.0,7500.0,0.0,0.0,0.0,
6596,寬宏藝術,2021-01-14,1.0,0.0,7500.0,2.0,68.0,69.0,0.0,0.0,0.0,7500.0,0.0,0.0,0.0,
6596,寬宏藝術,2021-01-15,0.0,0.0,7500.0,0.0,68.0,68.0,0.0,0.0,0.0,7500.0,0.0,0.0,0.0,
6596,寬宏藝術,2021-01-18,0.0,0.0,7500.0,3.0,65.0,68.0,0.0,0.0,0.0,7500.0,0.0,0.0,0.0,
6596,寬宏藝術,2021-01-19,2.0,0.0,7500.0,0.0,67.0,65.0,0.0,0.0,0.0,7500.0,0.0,0.0,0.0,
6596,寬宏藝術,2021-01-20,0.0,0.0,7500.0,3.0,64.0,67.0,0.0,0.0,0.0,7500.0,0.0,0.0,0.0,
6596,寬宏藝術,2021-01-21,0.0,0.0,7500.0,1.0,63.0,64.0,0.0,0.0,0.0,7500.0,0.0,0.0,0.0,
6596,寬宏藝術,2021-01-22,5.0,0.0,7500.0,0.0,68.0,63.0,0.0,0.0,0.0,7500.0,0.0,0.0,0.0,
6596,寬宏藝術,2021-01-25,0.0,0.0,7500.0,0.0,68.0,68.0,0.0,0.0,0.0,7500.0,0.0,0.0,0.0,
6596,寬宏藝術,2021-01-26,0.0,0.0,7500.0,2.0,66.0,68.0,0.0,0.0,0.0,7500.0,0.0,0.0,0.0,
6596,寬宏藝術,2021-01-27,0.0,0.0,7500.0,0.0,66.0,66.0,0.0,0.0,0.0,7500.0,0.0,0.0,0.0,
6596,寬宏藝術,2021-01-28,1.0,0.0,7500.0,0.0,67.0,66.0,0.0,0.0,0.0,7500.0,0.0,0.0,0.0,
6596,寬宏藝術,2021-01-29,0.0,0.0,7500.0,0.0,67.0,67.0,0.0,0.0,0.0,7500.0,0.0,0.0,0.0,
6596,寬宏藝術,2021-02-01,0.0,0.0,7500.0,0.0,67.0,67.0,0.0,0.0,0.0,7500.0,0.0,0.0,0.0,
6596,寬宏藝術,2021-02-02,1.0,0.0,7500.0,0.0,68.0,67.0,0.0,0.0,0.0,7500.0,0.0,0.0,0.0,
6596,寬宏藝術,2021-02-03,1.0,0.0,7500.0,3.0,66.0,68.0,0.0,0.0,0.0,7500.0,0.0,0.0,0.0,
6596,寬宏藝術,2021-02-04,0.0,0.0,7500.0,2.0,64.0,66.0,0.0,0.0,0.0,7500.0,0.0,0.0,0.0,
6596,寬宏藝術,2021-02-05,0.0,0.0,7500.0,1.0,63.0,64.0,0.0,0.0,0.0,7500.0,0.0,0.0,0.0,
6596,寬宏藝術,2021-02-17,3.0,0.0,7500.0,1.0,65.0,63.0,0.0,0.0,0.0,7500.0,0.0,0.0,0.0,
6596,寬宏藝術,2021-02-18,3.0,0.0,7500.0,0.0,68.0,65.0,0.0,0.0,0.0,7500.0,0.0,0.0,0.0,
6596,寬宏藝術,2021-02-19,0.0,0.0,7500.0,0.0,68.0,68.0,0.0,0.0,0.0,7500.0,0.0,0.0,0.0,
6596,寬宏藝術,2021-02-22,13.0,0.0,7500.0,5.0,76.0,68.0,0.0,0.0,0.0,7500.0,0.0,0.0,0.0,
6596,寬宏藝術,2021-02-23,14.0,0.0,7500.0,9.0,81.0,76.0,0.0,0.0,0.0,7500.0,0.0,0.0,0.0,
6596,寬宏藝術,2021-02-24,14.0,0.0,7500.0,5.0,90.0,81.0,0.0,0.0,0.0,7500.0,0.0,0.0,0.0,
6596,寬宏藝術,2021-02-25,4.0,0.0,7500.0,7.0,87.0,90.0,0.0,0.0,0.0,7500.0,0.0,0.0,0.0,
6596,寬宏藝術,2021-02-26,1.0,0.0,7500.0,3.0,85.0,87.0,0.0,0.0,0.0,7500.0,0.0,0.0,0.0,
6596,寬宏藝術,2021-03-02,1.0,0.0,7500.0,3.0,83.0,85.0,0.0,0.0,0.0,7500.0,0.0,0.0,0.0,
6596,寬宏藝術,2021-03-03,0.0,0.0,7500.0,1.0,82.0,83.0,0.0,0.0,0.0,7500.0,0.0,0.0,0.0,
6596,寬宏藝術,2021-03-04,3.0,0.0,7500.0,0.0,85.0,82.0,0.0,0.0,0.0,7500.0,0.0,0.0,0.0,
6596,寬宏藝術,2021-03-05,0.0,0.0,7500.0,4.0,81.0,85.0,0.0,0.0,0.0,7500.0,0.0,0.0,0.0,
6596,寬宏藝術,2021-03-08,3.0,0.0,7500.0,1.0,83.0,81.0,0.0,0.0,0.0,7500.0,0.0,0.0,0.0,
6596,寬宏藝術,2021-03-09,4.0,0.0,7500.0,2.0,85.0,83.0,0.0,0.0,0.0,7500.0,0.0,0.0,0.0,
6596,寬宏藝術,2021-03-10,50.0,0.0,7500.0,20.0,115.0,85.0,0.0,0.0,0.0,7500.0,0.0,0.0,0.0,
6596,寬宏藝術,2021-03-11,10.0,0.0,7500.0,27.0,98.0,115.0,0.0,0.0,0.0,7500.0,0.0,0.0,0.0,
6596,寬宏藝術,2021-03-12,5.0,0.0,7500.0,9.0,94.0,98.0,0.0,0.0,0.0,7500.0,0.0,0.0,0.0,
6596,寬宏藝術,2021-03-15,19.0,0.0,7500.0,3.0,110.0,94.0,0.0,0.0,0.0,7500.0,0.0,0.0,0.0,
6596,寬宏藝術,2021-03-16,9.0,0.0,7500.0,15.0,104.0,110.0,0.0,0.0,0.0,7500.0,0.0,0.0,0.0,
6596,寬宏藝術,2021-03-17,3.0,0.0,7500.0,1.0,106.0,104.0,0.0,0.0,0.0,7500.0,0.0,0.0,0.0,
6596,寬宏藝術,2021-03-18,136.0,0.0,7500.0,42.0,200.0,106.0,1.0,1.0,0.0,7500.0,0.0,1.0,0.0,
6596,寬宏藝術,2021-03-19,19.0,0.0,7500.0,56.0,163.0,200.0,0.0,0.0,0.0,7500.0,0.0,1.0,1.0,
6596,寬宏藝術,2021-03-22,5.0,0.0,7500.0,4.0,164.0,163.0,0.0,0.0,1.0,7500.0,0.0,0.0,1.0,
6596,寬宏藝術,2021-03-23,3.0,0.0,7500.0,9.0,158.0,164.0,0.0,0.0,0.0,7500.0,0.0,0.0,0.0,
6596,寬宏藝術,2021-03-24,3.0,0.0,7500.0,1.0,160.0,158.0,0.0,0.0,0.0,7500.0,0.0,0.0,0.0,
6596,寬宏藝術,2021-03-25,1.0,0.0,7500.0,6.0,155.0,160.0,0.0,0.0,0.0,7500.0,0.0,0.0,0.0,
6596,寬宏藝術,2021-03-26,0.0,0.0,7500.0,30.0,125.0,155.0,0.0,0.0,0.0,7500.0,0.0,0.0,0.0,
6596,寬宏藝術,2021-03-29,1.0,0.0,7500.0,0.0,126.0,125.0,0.0,0.0,0.0,7500.0,0.0,0.0,0.0,
6596,寬宏藝術,2021-03-30,17.0,0.0,7500.0,0.0,143.0,126.0,0.0,0.0,0.0,7500.0,0.0,0.0,0.0,X
6596,寬宏藝術,2021-03-31,15.0,0.0,7500.0,3.0,155.0,143.0,0.0,0.0,0.0,7500.0,0.0,0.0,0.0,X
6596,寬宏藝術,2021-04-01,1.0,0.0,7500.0,0.0,156.0,155.0,0.0,0.0,0.0,7500.0,0.0,0.0,0.0,X
6596,寬宏藝術,2021-04-06,10.0,0.0,7500.0,3.0,163.0,156.0,0.0,0.0,0.0,7500.0,0.0,0.0,0.0,X
6596,寬宏藝術,2021-04-07,2.0,0.0,7500.0,18.0,147.0,163.0,0.0,0.0,0.0,7500.0,0.0,0.0,0.0,
6596,寬宏藝術,2021-04-08,14.0,0.0,7500.0,2.0,159.0,147.0,0.0,0.0,0.0,7500.0,0.0,0.0,0.0,
6596,寬宏藝術,2021-04-09,0.0,0.0,7500.0,1.0,158.0,159.0,0.0,0.0,0.0,7500.0,0.0,0.0,0.0,
6596,寬宏藝術,2021-04-12,34.0,0.0,7500.0,1.0,191.0,158.0,0.0,0.0,0.0,7500.0,0.0,0.0,0.0,
6596,寬宏藝術,2021-04-13,2.0,0.0,7500.0,15.0,178.0,191.0,0.0,0.0,0.0,7500.0,0.0,0.0,0.0,
6596,寬宏藝術,2021-04-14,2.0,0.0,7500.0,79.0,101.0,178.0,0.0,0.0,0.0,7500.0,0.0,0.0,0.0,
6596,寬宏藝術,2021-04-15,2.0,0.0,7500.0,1.0,102.0,101.0,0.0,0.0,0.0,7500.0,0.0,0.0,0.0,
6596,寬宏藝術,2021-04-16,1.0,0.0,7500.0,1.0,102.0,102.0,0.0,0.0,0.0,7500.0,0.0,0.0,0.0,
6596,寬宏藝術,2021-04-19,1.0,0.0,7500.0,4.0,99.0,102.0,0.0,0.0,0.0,7500.0,0.0,0.0,0.0,
6596,寬宏藝術,2021-04-20,0.0,0.0,7500.0,0.0,99.0,99.0,0.0,0.0,0.0,7500.0,0.0,0.0,0.0,
6596,寬宏藝術,2021-04-21,3.0,0.0,7500.0,2.0,100.0,99.0,0.0,0.0,0.0,7500.0,0.0,0.0,0.0,
6596,寬宏藝術,2021-04-22,3.0,0.0,7500.0,16.0,87.0,100.0,0.0,0.0,0.0,7500.0,0.0,0.0,0.0,
6596,寬宏藝術,2021-04-23,2.0,0.0,7500.0,15.0,74.0,87.0,0.0,0.0,0.0,7500.0,0.0,0.0,0.0,
