stock_id,stock_name,date,MarginPurchaseBuy,MarginPurchaseCashRepayment,MarginPurchaseLimit,MarginPurchaseSell,MarginPurchaseTodayBalance,MarginPurchaseYesterdayBalance,OffsetLoanAndShort,ShortSaleBuy,ShortSaleCashRepayment,ShortSaleLimit,ShortSaleSell,ShortSaleTodayBalance,ShortSaleYesterdayBalance,Note
6732,昇佳電子,2020-12-10,0.0,0.0,12228.0,0.0,0.0,0.0,0.0,0.0,0.0,12228.0,0.0,0.0,0.0,
6732,昇佳電子,2020-12-11,57.0,0.0,12228.0,0.0,57.0,0.0,0.0,0.0,0.0,12228.0,0.0,0.0,0.0,
6732,昇佳電子,2020-12-14,43.0,0.0,12228.0,6.0,94.0,57.0,0.0,0.0,0.0,12228.0,0.0,0.0,0.0,
6732,昇佳電子,2020-12-15,45.0,0.0,12228.0,6.0,133.0,94.0,0.0,0.0,0.0,12228.0,0.0,0.0,0.0,
6732,昇佳電子,2020-12-16,212.0,0.0,12228.0,5.0,340.0,133.0,0.0,0.0,0.0,12228.0,0.0,0.0,0.0,
6732,昇佳電子,2020-12-17,48.0,0.0,12228.0,18.0,370.0,340.0,0.0,1.0,0.0,12228.0,0.0,1.0,0.0,
6732,昇佳電子,2020-12-18,90.0,0.0,12228.0,50.0,410.0,370.0,0.0,2.0,0.0,12228.0,0.0,3.0,1.0,
6732,昇佳電子,2020-12-21,31.0,0.0,12228.0,34.0,407.0,410.0,0.0,0.0,0.0,12228.0,0.0,3.0,3.0,
6732,昇佳電子,2020-12-22,39.0,0.0,12228.0,37.0,409.0,407.0,0.0,1.0,0.0,12228.0,2.0,2.0,3.0,
6732,昇佳電子,2020-12-23,128.0,0.0,12228.0,44.0,493.0,409.0,0.0,1.0,0.0,12228.0,0.0,3.0,2.0,
6732,昇佳電子,2020-12-24,126.0,0.0,12228.0,79.0,540.0,493.0,0.0,0.0,0.0,12228.0,0.0,3.0,3.0,
6732,昇佳電子,2020-12-25,50.0,0.0,12228.0,56.0,534.0,540.0,0.0,0.0,0.0,12228.0,0.0,3.0,3.0,
6732,昇佳電子,2020-12-28,20.0,0.0,12228.0,71.0,483.0,534.0,0.0,0.0,0.0,12228.0,0.0,3.0,3.0,
6732,昇佳電子,2020-12-29,40.0,0.0,12228.0,22.0,501.0,483.0,1.0,0.0,0.0,12228.0,0.0,3.0,3.0,
6732,昇佳電子,2020-12-30,21.0,0.0,12228.0,21.0,501.0,501.0,0.0,0.0,0.0,12228.0,2.0,1.0,3.0,
6732,昇佳電子,2020-12-31,27.0,0.0,12228.0,44.0,484.0,501.0,0.0,0.0,0.0,12228.0,0.0,1.0,1.0,
6732,昇佳電子,2021-01-04,42.0,0.0,12228.0,27.0,499.0,484.0,1.0,0.0,0.0,12228.0,0.0,1.0,1.0,
6732,昇佳電子,2021-01-05,91.0,0.0,12228.0,51.0,539.0,499.0,1.0,0.0,0.0,12228.0,0.0,1.0,1.0,
6732,昇佳電子,2021-01-06,76.0,0.0,12228.0,71.0,544.0,539.0,0.0,1.0,0.0,12228.0,0.0,2.0,1.0,
6732,昇佳電子,2021-01-07,19.0,0.0,12228.0,34.0,529.0,544.0,0.0,0.0,0.0,12228.0,2.0,0.0,2.0,
6732,昇佳電子,2021-01-08,53.0,0.0,12228.0,38.0,544.0,529.0,0.0,0.0,0.0,12228.0,0.0,0.0,0.0,
6732,昇佳電子,2021-01-11,180.0,0.0,12228.0,88.0,636.0,544.0,0.0,0.0,0.0,12228.0,0.0,0.0,0.0,
6732,昇佳電子,2021-01-12,78.0,0.0,12228.0,70.0,644.0,636.0,0.0,0.0,0.0,12228.0,0.0,0.0,0.0,
6732,昇佳電子,2021-01-13,132.0,0.0,12228.0,66.0,710.0,644.0,2.0,2.0,0.0,12228.0,0.0,2.0,0.0,
6732,昇佳電子,2021-01-14,110.0,0.0,12228.0,90.0,730.0,710.0,1.0,0.0,0.0,12228.0,0.0,2.0,2.0,
6732,昇佳電子,2021-01-15,73.0,0.0,12228.0,103.0,700.0,730.0,1.0,2.0,2.0,12228.0,0.0,2.0,2.0,
6732,昇佳電子,2021-01-18,58.0,0.0,12228.0,54.0,704.0,700.0,0.0,1.0,0.0,12228.0,0.0,3.0,2.0,
6732,昇佳電子,2021-01-19,67.0,0.0,12228.0,53.0,718.0,704.0,1.0,0.0,0.0,12228.0,0.0,3.0,3.0,
6732,昇佳電子,2021-01-20,57.0,0.0,12228.0,76.0,699.0,718.0,0.0,0.0,0.0,12228.0,0.0,3.0,3.0,
6732,昇佳電子,2021-01-21,58.0,0.0,12228.0,54.0,703.0,699.0,0.0,0.0,0.0,12228.0,0.0,3.0,3.0,
6732,昇佳電子,2021-01-22,172.0,0.0,12228.0,113.0,762.0,703.0,0.0,6.0,0.0,12228.0,0.0,9.0,3.0,
6732,昇佳電子,2021-01-25,135.0,1.0,12228.0,123.0,773.0,762.0,0.0,1.0,0.0,12228.0,2.0,8.0,9.0,
6732,昇佳電子,2021-01-26,90.0,0.0,12228.0,109.0,754.0,773.0,2.0,0.0,0.0,12228.0,5.0,3.0,8.0,
6732,昇佳電子,2021-01-27,33.0,0.0,12228.0,41.0,746.0,754.0,0.0,0.0,0.0,12228.0,0.0,3.0,3.0,
6732,昇佳電子,2021-01-28,56.0,0.0,12228.0,46.0,756.0,746.0,1.0,2.0,0.0,12228.0,0.0,5.0,3.0,
6732,昇佳電子,2021-01-29,62.0,0.0,12228.0,94.0,724.0,756.0,0.0,1.0,0.0,12228.0,4.0,2.0,5.0,
6732,昇佳電子,2021-02-01,40.0,0.0,12228.0,19.0,745.0,724.0,0.0,2.0,0.0,12228.0,1.0,3.0,2.0,
6732,昇佳電子,2021-02-02,21.0,0.0,12228.0,39.0,727.0,745.0,1.0,0.0,0.0,12228.0,0.0,3.0,3.0,
6732,昇佳電子,2021-02-03,13.0,0.0,12228.0,12.0,728.0,727.0,0.0,0.0,0.0,12228.0,0.0,3.0,3.0,
6732,昇佳電子,2021-02-04,13.0,0.0,12228.0,15.0,726.0,728.0,0.0,0.0,0.0,12228.0,0.0,3.0,3.0,
6732,昇佳電子,2021-02-05,16.0,2.0,12228.0,14.0,726.0,726.0,0.0,0.0,0.0,12228.0,1.0,2.0,3.0,
6732,昇佳電子,2021-02-17,27.0,0.0,12228.0,20.0,733.0,726.0,0.0,0.0,0.0,12228.0,0.0,2.0,2.0,
6732,昇佳電子,2021-02-18,28.0,0.0,12228.0,14.0,747.0,733.0,0.0,0.0,0.0,12228.0,0.0,2.0,2.0,
6732,昇佳電子,2021-02-19,144.0,0.0,12228.0,19.0,872.0,747.0,0.0,0.0,0.0,12228.0,0.0,2.0,2.0,
6732,昇佳電子,2021-02-22,47.0,0.0,12228.0,22.0,897.0,872.0,0.0,1.0,0.0,12228.0,0.0,3.0,2.0,
6732,昇佳電子,2021-02-23,32.0,0.0,12228.0,14.0,915.0,897.0,0.0,0.0,0.0,12228.0,0.0,3.0,3.0,
6732,昇佳電子,2021-02-24,15.0,0.0,12228.0,40.0,890.0,915.0,1.0,0.0,0.0,12228.0,0.0,3.0,3.0,
6732,昇佳電子,2021-02-25,93.0,2.0,12228.0,59.0,922.0,890.0,0.0,0.0,0.0,12228.0,0.0,3.0,3.0,
6732,昇佳電子,2021-02-26,73.0,0.0,12228.0,51.0,944.0,922.0,0.0,1.0,0.0,12228.0,0.0,4.0,3.0,
6732,昇佳電子,2021-03-02,82.0,0.0,12228.0,336.0,690.0,944.0,0.0,16.0,0.0,12228.0,3.0,17.0,4.0,
6732,昇佳電子,2021-03-03,20.0,0.0,12228.0,21.0,689.0,690.0,0.0,5.0,0.0,12228.0,16.0,6.0,17.0,
6732,昇佳電子,2021-03-04,9.0,0.0,12228.0,38.0,660.0,689.0,0.0,10.0,0.0,12228.0,1.0,15.0,6.0,
6732,昇佳電子,2021-03-05,91.0,2.0,12228.0,57.0,692.0,660.0,0.0,4.0,0.0,12228.0,6.0,13.0,15.0,
6732,昇佳電子,2021-03-08,27.0,0.0,12228.0,38.0,681.0,692.0,0.0,3.0,8.0,12228.0,3.0,5.0,13.0,
6732,昇佳電子,2021-03-09,28.0,0.0,12228.0,112.0,597.0,681.0,1.0,1.0,0.0,12228.0,3.0,3.0,5.0,
6732,昇佳電子,2021-03-10,20.0,0.0,12228.0,10.0,607.0,597.0,0.0,0.0,0.0,12228.0,0.0,3.0,3.0,
6732,昇佳電子,2021-03-11,25.0,0.0,12228.0,29.0,603.0,607.0,0.0,0.0,0.0,12228.0,0.0,3.0,3.0,
6732,昇佳電子,2021-03-12,8.0,0.0,12228.0,55.0,556.0,603.0,0.0,0.0,0.0,12228.0,1.0,2.0,3.0,
6732,昇佳電子,2021-03-15,11.0,0.0,12228.0,22.0,545.0,556.0,0.0,0.0,0.0,12228.0,0.0,2.0,2.0,
6732,昇佳電子,2021-03-16,22.0,0.0,12228.0,16.0,551.0,545.0,0.0,0.0,0.0,12228.0,1.0,1.0,2.0,
6732,昇佳電子,2021-03-17,20.0,0.0,12228.0,4.0,567.0,551.0,0.0,0.0,0.0,12228.0,0.0,1.0,1.0,
6732,昇佳電子,2021-03-18,11.0,0.0,12228.0,37.0,541.0,567.0,0.0,0.0,0.0,12228.0,0.0,1.0,1.0,
6732,昇佳電子,2021-03-19,24.0,0.0,12228.0,13.0,552.0,541.0,0.0,1.0,0.0,12228.0,0.0,2.0,1.0,
6732,昇佳電子,2021-03-22,1.0,0.0,12228.0,16.0,537.0,552.0,0.0,0.0,0.0,12228.0,1.0,1.0,2.0,
6732,昇佳電子,2021-03-23,15.0,0.0,12228.0,112.0,440.0,537.0,0.0,1.0,0.0,12228.0,0.0,2.0,1.0,
6732,昇佳電子,2021-03-24,12.0,0.0,12228.0,19.0,433.0,440.0,0.0,0.0,0.0,12228.0,1.0,1.0,2.0,
6732,昇佳電子,2021-03-25,2.0,0.0,12228.0,74.0,361.0,433.0,0.0,0.0,0.0,12228.0,0.0,1.0,1.0,
6732,昇佳電子,2021-03-26,32.0,1.0,12228.0,5.0,387.0,361.0,0.0,0.0,0.0,12228.0,0.0,1.0,1.0,
6732,昇佳電子,2021-03-29,44.0,0.0,12228.0,24.0,407.0,387.0,0.0,0.0,0.0,12228.0,0.0,1.0,1.0,
6732,昇佳電子,2021-03-30,36.0,0.0,12228.0,33.0,410.0,407.0,1.0,0.0,0.0,12228.0,1.0,0.0,1.0,
6732,昇佳電子,2021-03-31,51.0,0.0,12228.0,52.0,409.0,410.0,0.0,1.0,0.0,12228.0,0.0,1.0,0.0,
6732,昇佳電子,2021-04-01,23.0,0.0,12228.0,18.0,414.0,409.0,0.0,0.0,0.0,12228.0,0.0,1.0,1.0,
6732,昇佳電子,2021-04-06,44.0,1.0,12228.0,87.0,370.0,414.0,0.0,0.0,0.0,12228.0,0.0,1.0,1.0,
6732,昇佳電子,2021-04-07,56.0,0.0,12228.0,40.0,386.0,370.0,1.0,1.0,0.0,12228.0,0.0,2.0,1.0,
6732,昇佳電子,2021-04-08,52.0,0.0,12228.0,48.0,390.0,386.0,0.0,0.0,0.0,12228.0,1.0,1.0,2.0,
6732,昇佳電子,2021-04-09,107.0,0.0,12228.0,41.0,456.0,390.0,0.0,0.0,0.0,12228.0,0.0,1.0,1.0,
6732,昇佳電子,2021-04-12,52.0,0.0,12228.0,71.0,437.0,456.0,0.0,0.0,0.0,12228.0,0.0,1.0,1.0,
6732,昇佳電子,2021-04-13,9.0,0.0,12228.0,68.0,378.0,437.0,0.0,0.0,0.0,12228.0,0.0,1.0,1.0,
6732,昇佳電子,2021-04-14,24.0,0.0,12228.0,13.0,389.0,378.0,0.0,0.0,0.0,12228.0,0.0,1.0,1.0,
6732,昇佳電子,2021-04-15,9.0,0.0,12228.0,24.0,374.0,389.0,0.0,0.0,0.0,12228.0,0.0,1.0,1.0,X
6732,昇佳電子,2021-04-16,11.0,0.0,12228.0,15.0,370.0,374.0,0.0,0.0,0.0,12228.0,1.0,0.0,1.0,X
6732,昇佳電子,2021-04-19,2.0,0.0,12228.0,13.0,359.0,370.0,0.0,0.0,0.0,12228.0,0.0,0.0,0.0,X
6732,昇佳電子,2021-04-20,51.0,0.0,12228.0,54.0,356.0,359.0,0.0,0.0,0.0,12228.0,0.0,0.0,0.0,X
6732,昇佳電子,2021-04-21,52.0,0.0,12228.0,50.0,358.0,356.0,0.0,0.0,0.0,12228.0,0.0,0.0,0.0,
6732,昇佳電子,2021-04-22,36.0,0.0,12228.0,23.0,371.0,358.0,1.0,0.0,0.0,12228.0,0.0,0.0,0.0,
6732,昇佳電子,2021-04-23,25.0,0.0,12228.0,11.0,385.0,371.0,0.0,0.0,0.0,12228.0,0.0,0.0,0.0,
