stock_id,stock_name,date,MarginPurchaseBuy,MarginPurchaseCashRepayment,MarginPurchaseLimit,MarginPurchaseSell,MarginPurchaseTodayBalance,MarginPurchaseYesterdayBalance,OffsetLoanAndShort,ShortSaleBuy,ShortSaleCashRepayment,ShortSaleLimit,ShortSaleSell,ShortSaleTodayBalance,ShortSaleYesterdayBalance,Note
8089,康全電訊,2021-03-30,0.0,0.0,13635.0,0.0,0.0,0.0,0.0,0.0,0.0,13635.0,0.0,0.0,0.0,X
8089,康全電訊,2021-03-31,85.0,0.0,13635.0,0.0,85.0,0.0,0.0,0.0,0.0,13635.0,0.0,0.0,0.0,X
8089,康全電訊,2021-04-01,43.0,0.0,13635.0,9.0,119.0,85.0,0.0,0.0,0.0,13635.0,0.0,0.0,0.0,X
8089,康全電訊,2021-04-06,32.0,0.0,13635.0,10.0,141.0,119.0,0.0,0.0,0.0,13635.0,0.0,0.0,0.0,X
8089,康全電訊,2021-04-07,22.0,0.0,13635.0,5.0,158.0,141.0,0.0,0.0,0.0,13635.0,0.0,0.0,0.0,
8089,康全電訊,2021-04-08,22.0,0.0,13635.0,0.0,180.0,158.0,0.0,0.0,0.0,13635.0,0.0,0.0,0.0,
8089,康全電訊,2021-04-09,13.0,0.0,13635.0,37.0,156.0,180.0,0.0,0.0,0.0,13635.0,0.0,0.0,0.0,
8089,康全電訊,2021-04-12,49.0,0.0,13635.0,20.0,185.0,156.0,0.0,0.0,0.0,13635.0,0.0,0.0,0.0,
8089,康全電訊,2021-04-13,23.0,0.0,13635.0,17.0,191.0,185.0,0.0,0.0,0.0,13635.0,0.0,0.0,0.0,
8089,康全電訊,2021-04-14,27.0,0.0,13656.0,16.0,202.0,191.0,0.0,0.0,0.0,13656.0,0.0,0.0,0.0,
8089,康全電訊,2021-04-15,8.0,0.0,13656.0,4.0,206.0,202.0,0.0,0.0,0.0,13656.0,0.0,0.0,0.0,
8089,康全電訊,2021-04-16,21.0,0.0,13656.0,6.0,221.0,206.0,0.0,0.0,0.0,13656.0,0.0,0.0,0.0,
8089,康全電訊,2021-04-19,17.0,0.0,13656.0,2.0,236.0,221.0,0.0,0.0,0.0,13656.0,0.0,0.0,0.0,
8089,康全電訊,2021-04-20,12.0,0.0,13656.0,2.0,246.0,236.0,1.0,0.0,0.0,13656.0,0.0,0.0,0.0,
8089,康全電訊,2021-04-21,10.0,0.0,13656.0,1.0,255.0,246.0,0.0,0.0,0.0,13656.0,0.0,0.0,0.0,
8089,康全電訊,2021-04-22,16.0,0.0,13656.0,24.0,247.0,255.0,0.0,0.0,0.0,13656.0,0.0,0.0,0.0,
8089,康全電訊,2021-04-23,15.0,0.0,13656.0,11.0,251.0,247.0,0.0,0.0,0.0,13656.0,0.0,0.0,0.0,
