stock_id,stock_name,date,MarginPurchaseBuy,MarginPurchaseCashRepayment,MarginPurchaseLimit,MarginPurchaseSell,MarginPurchaseTodayBalance,MarginPurchaseYesterdayBalance,OffsetLoanAndShort,ShortSaleBuy,ShortSaleCashRepayment,ShortSaleLimit,ShortSaleSell,ShortSaleTodayBalance,ShortSaleYesterdayBalance,Note
8284,三竹,2020-11-23,0.0,0.0,11585.0,0.0,0.0,0.0,0.0,0.0,0.0,11585.0,0.0,0.0,0.0,
8284,三竹,2020-11-24,78.0,0.0,11585.0,0.0,78.0,0.0,3.0,0.0,0.0,11585.0,0.0,0.0,0.0,
8284,三竹,2020-11-25,34.0,0.0,11585.0,78.0,34.0,78.0,0.0,0.0,0.0,11585.0,0.0,0.0,0.0,
8284,三竹,2020-11-26,1.0,0.0,11585.0,6.0,29.0,34.0,0.0,0.0,0.0,11585.0,0.0,0.0,0.0,
8284,三竹,2020-11-27,3.0,0.0,11585.0,1.0,31.0,29.0,0.0,0.0,0.0,11585.0,0.0,0.0,0.0,
8284,三竹,2020-11-30,4.0,0.0,11585.0,2.0,33.0,31.0,0.0,0.0,0.0,11585.0,0.0,0.0,0.0,
8284,三竹,2020-12-01,5.0,0.0,11585.0,2.0,36.0,33.0,0.0,0.0,0.0,11585.0,0.0,0.0,0.0,
8284,三竹,2020-12-02,1.0,0.0,11585.0,3.0,34.0,36.0,0.0,0.0,0.0,11585.0,0.0,0.0,0.0,
8284,三竹,2020-12-03,3.0,0.0,11585.0,10.0,27.0,34.0,0.0,0.0,0.0,11585.0,0.0,0.0,0.0,
8284,三竹,2020-12-04,1.0,0.0,11585.0,1.0,27.0,27.0,0.0,0.0,0.0,11585.0,0.0,0.0,0.0,
8284,三竹,2020-12-07,4.0,0.0,11585.0,2.0,29.0,27.0,0.0,0.0,0.0,11585.0,0.0,0.0,0.0,
8284,三竹,2020-12-08,1.0,0.0,11585.0,0.0,30.0,29.0,0.0,0.0,0.0,11585.0,0.0,0.0,0.0,
8284,三竹,2020-12-09,1.0,0.0,11585.0,0.0,31.0,30.0,0.0,0.0,0.0,11585.0,0.0,0.0,0.0,
8284,三竹,2020-12-10,0.0,0.0,11585.0,0.0,31.0,31.0,0.0,0.0,0.0,11585.0,0.0,0.0,0.0,
8284,三竹,2020-12-11,4.0,0.0,11585.0,2.0,33.0,31.0,0.0,0.0,0.0,11585.0,0.0,0.0,0.0,
8284,三竹,2020-12-14,13.0,0.0,11585.0,0.0,46.0,33.0,0.0,0.0,0.0,11585.0,0.0,0.0,0.0,
8284,三竹,2020-12-15,0.0,0.0,11585.0,1.0,45.0,46.0,0.0,0.0,0.0,11585.0,0.0,0.0,0.0,
8284,三竹,2020-12-16,25.0,0.0,11585.0,0.0,70.0,45.0,0.0,0.0,0.0,11585.0,0.0,0.0,0.0,
8284,三竹,2020-12-17,3.0,0.0,11585.0,13.0,60.0,70.0,0.0,0.0,0.0,11585.0,0.0,0.0,0.0,
8284,三竹,2020-12-18,1.0,0.0,11585.0,12.0,49.0,60.0,0.0,0.0,0.0,11585.0,0.0,0.0,0.0,
8284,三竹,2020-12-21,2.0,0.0,11585.0,3.0,48.0,49.0,0.0,0.0,0.0,11585.0,0.0,0.0,0.0,
8284,三竹,2020-12-22,2.0,0.0,11585.0,1.0,49.0,48.0,0.0,0.0,0.0,11585.0,0.0,0.0,0.0,
8284,三竹,2020-12-23,0.0,0.0,11585.0,2.0,47.0,49.0,0.0,0.0,0.0,11585.0,0.0,0.0,0.0,
8284,三竹,2020-12-24,1.0,0.0,11585.0,0.0,48.0,47.0,0.0,0.0,0.0,11585.0,0.0,0.0,0.0,
8284,三竹,2020-12-25,0.0,0.0,11585.0,4.0,44.0,48.0,0.0,0.0,0.0,11585.0,0.0,0.0,0.0,
8284,三竹,2020-12-28,0.0,0.0,11585.0,0.0,44.0,44.0,0.0,0.0,0.0,11585.0,0.0,0.0,0.0,
8284,三竹,2020-12-29,10.0,0.0,11585.0,2.0,52.0,44.0,0.0,0.0,0.0,11585.0,0.0,0.0,0.0,
8284,三竹,2020-12-30,0.0,0.0,11585.0,0.0,52.0,52.0,0.0,0.0,0.0,11585.0,0.0,0.0,0.0,
8284,三竹,2020-12-31,0.0,0.0,11585.0,0.0,52.0,52.0,0.0,0.0,0.0,11585.0,0.0,0.0,0.0,
8284,三竹,2021-01-04,6.0,0.0,11585.0,0.0,58.0,52.0,0.0,0.0,0.0,11585.0,0.0,0.0,0.0,
8284,三竹,2021-01-05,21.0,0.0,11585.0,6.0,73.0,58.0,0.0,0.0,0.0,11585.0,0.0,0.0,0.0,
8284,三竹,2021-01-06,0.0,0.0,11585.0,25.0,48.0,73.0,0.0,0.0,0.0,11585.0,0.0,0.0,0.0,
8284,三竹,2021-01-07,1.0,0.0,11585.0,9.0,40.0,48.0,0.0,0.0,0.0,11585.0,0.0,0.0,0.0,
8284,三竹,2021-01-08,2.0,0.0,11585.0,2.0,40.0,40.0,0.0,0.0,0.0,11585.0,0.0,0.0,0.0,
8284,三竹,2021-01-11,1.0,0.0,11585.0,2.0,39.0,40.0,0.0,0.0,0.0,11585.0,0.0,0.0,0.0,
8284,三竹,2021-01-12,5.0,0.0,11585.0,0.0,44.0,39.0,0.0,0.0,0.0,11585.0,0.0,0.0,0.0,
8284,三竹,2021-01-13,3.0,0.0,11585.0,0.0,47.0,44.0,0.0,0.0,0.0,11585.0,0.0,0.0,0.0,
8284,三竹,2021-01-14,1.0,0.0,11585.0,0.0,48.0,47.0,0.0,0.0,0.0,11585.0,0.0,0.0,0.0,
8284,三竹,2021-01-15,0.0,0.0,11585.0,7.0,41.0,48.0,0.0,0.0,0.0,11585.0,0.0,0.0,0.0,
8284,三竹,2021-01-18,1.0,0.0,11585.0,0.0,42.0,41.0,0.0,0.0,0.0,11585.0,0.0,0.0,0.0,
8284,三竹,2021-01-19,0.0,0.0,11585.0,0.0,42.0,42.0,0.0,0.0,0.0,11585.0,0.0,0.0,0.0,
8284,三竹,2021-01-20,1.0,0.0,11585.0,0.0,43.0,42.0,0.0,0.0,0.0,11585.0,0.0,0.0,0.0,
8284,三竹,2021-01-21,0.0,0.0,11585.0,1.0,42.0,43.0,0.0,0.0,0.0,11585.0,0.0,0.0,0.0,
8284,三竹,2021-01-22,0.0,0.0,11585.0,2.0,40.0,42.0,0.0,0.0,0.0,11585.0,0.0,0.0,0.0,
8284,三竹,2021-01-25,3.0,0.0,11585.0,0.0,43.0,40.0,0.0,0.0,0.0,11585.0,0.0,0.0,0.0,
8284,三竹,2021-01-26,2.0,0.0,11585.0,0.0,45.0,43.0,0.0,0.0,0.0,11585.0,0.0,0.0,0.0,
8284,三竹,2021-01-27,2.0,0.0,11585.0,0.0,47.0,45.0,0.0,0.0,0.0,11585.0,0.0,0.0,0.0,
8284,三竹,2021-01-28,2.0,0.0,11585.0,0.0,49.0,47.0,0.0,0.0,0.0,11585.0,0.0,0.0,0.0,
8284,三竹,2021-01-29,2.0,0.0,11585.0,2.0,49.0,49.0,0.0,0.0,0.0,11585.0,0.0,0.0,0.0,
8284,三竹,2021-02-01,0.0,0.0,11585.0,1.0,48.0,49.0,0.0,0.0,0.0,11585.0,0.0,0.0,0.0,
8284,三竹,2021-02-02,7.0,0.0,11585.0,0.0,55.0,48.0,0.0,0.0,0.0,11585.0,0.0,0.0,0.0,
8284,三竹,2021-02-03,0.0,0.0,11585.0,0.0,55.0,55.0,0.0,0.0,0.0,11585.0,0.0,0.0,0.0,
8284,三竹,2021-02-04,0.0,0.0,11585.0,0.0,55.0,55.0,0.0,0.0,0.0,11585.0,0.0,0.0,0.0,
8284,三竹,2021-02-05,0.0,0.0,11585.0,0.0,55.0,55.0,0.0,0.0,0.0,11585.0,0.0,0.0,0.0,
8284,三竹,2021-02-17,0.0,0.0,11585.0,0.0,55.0,55.0,0.0,0.0,0.0,11585.0,0.0,0.0,0.0,
8284,三竹,2021-02-18,2.0,0.0,11585.0,1.0,56.0,55.0,0.0,0.0,0.0,11585.0,0.0,0.0,0.0,
8284,三竹,2021-02-19,0.0,0.0,11585.0,0.0,56.0,56.0,0.0,0.0,0.0,11585.0,0.0,0.0,0.0,
8284,三竹,2021-02-22,5.0,0.0,11585.0,7.0,54.0,56.0,0.0,0.0,0.0,11585.0,0.0,0.0,0.0,
8284,三竹,2021-02-23,3.0,0.0,11585.0,1.0,56.0,54.0,0.0,0.0,0.0,11585.0,0.0,0.0,0.0,
8284,三竹,2021-02-24,3.0,0.0,11585.0,1.0,58.0,56.0,0.0,0.0,0.0,11585.0,0.0,0.0,0.0,
8284,三竹,2021-02-25,0.0,0.0,11585.0,0.0,58.0,58.0,0.0,0.0,0.0,11585.0,0.0,0.0,0.0,
8284,三竹,2021-02-26,5.0,0.0,11585.0,0.0,63.0,58.0,0.0,0.0,0.0,11585.0,0.0,0.0,0.0,
8284,三竹,2021-03-02,8.0,0.0,11585.0,0.0,71.0,63.0,0.0,0.0,0.0,11585.0,0.0,0.0,0.0,
8284,三竹,2021-03-03,3.0,0.0,11585.0,9.0,65.0,71.0,0.0,0.0,0.0,11585.0,0.0,0.0,0.0,
8284,三竹,2021-03-04,2.0,0.0,11585.0,0.0,67.0,65.0,0.0,0.0,0.0,11585.0,0.0,0.0,0.0,
8284,三竹,2021-03-05,1.0,0.0,11585.0,6.0,62.0,67.0,0.0,0.0,0.0,11585.0,0.0,0.0,0.0,11     C
8284,三竹,2021-03-08,0.0,0.0,11585.0,0.0,62.0,62.0,0.0,0.0,0.0,11585.0,0.0,0.0,0.0,11     C
8284,三竹,2021-03-09,1.0,0.0,11585.0,0.0,63.0,62.0,0.0,0.0,0.0,11585.0,0.0,0.0,0.0,11     C
8284,三竹,2021-03-10,3.0,0.0,11585.0,0.0,66.0,63.0,0.0,0.0,0.0,11585.0,0.0,0.0,0.0,11     C
8284,三竹,2021-03-11,0.0,0.0,11585.0,0.0,66.0,66.0,0.0,0.0,0.0,11585.0,0.0,0.0,0.0,11     C
8284,三竹,2021-03-12,1.0,0.0,11585.0,1.0,66.0,66.0,0.0,0.0,0.0,11585.0,0.0,0.0,0.0,11     C
8284,三竹,2021-03-15,0.0,0.0,11585.0,1.0,65.0,66.0,0.0,0.0,0.0,11585.0,0.0,0.0,0.0,11     C
8284,三竹,2021-03-16,2.0,0.0,11585.0,0.0,67.0,65.0,0.0,0.0,0.0,11585.0,0.0,0.0,0.0,11     C
8284,三竹,2021-03-17,0.0,0.0,11585.0,0.0,67.0,67.0,0.0,0.0,0.0,11585.0,0.0,0.0,0.0,11     C
8284,三竹,2021-03-18,0.0,0.0,11585.0,2.0,65.0,67.0,0.0,0.0,0.0,11585.0,0.0,0.0,0.0,11     C
8284,三竹,2021-03-19,1.0,0.0,11585.0,3.0,63.0,65.0,0.0,0.0,0.0,11585.0,0.0,0.0,0.0,11     C
8284,三竹,2021-03-22,0.0,0.0,11585.0,0.0,63.0,63.0,0.0,0.0,0.0,11585.0,0.0,0.0,0.0,11     C
8284,三竹,2021-03-23,0.0,0.0,11585.0,1.0,62.0,63.0,0.0,0.0,0.0,11585.0,0.0,0.0,0.0,11     C
8284,三竹,2021-03-24,2.0,0.0,11585.0,1.0,63.0,62.0,0.0,0.0,0.0,11585.0,0.0,0.0,0.0,11     C
8284,三竹,2021-03-25,11.0,0.0,11585.0,1.0,73.0,63.0,0.0,0.0,0.0,11585.0,0.0,0.0,0.0,11     C
8284,三竹,2021-03-26,0.0,0.0,11585.0,0.0,73.0,73.0,0.0,0.0,0.0,11585.0,0.0,0.0,0.0,11     C
8284,三竹,2021-03-29,2.0,0.0,11585.0,2.0,73.0,73.0,0.0,0.0,0.0,11585.0,0.0,0.0,0.0,11     C
8284,三竹,2021-03-30,1.0,0.0,11585.0,0.0,74.0,73.0,0.0,0.0,0.0,11585.0,0.0,0.0,0.0,11     C
8284,三竹,2021-03-31,1.0,0.0,11585.0,0.0,75.0,74.0,0.0,0.0,0.0,11585.0,0.0,0.0,0.0,11     C
8284,三竹,2021-04-01,1.0,0.0,11585.0,5.0,71.0,75.0,0.0,0.0,0.0,11585.0,0.0,0.0,0.0,11     C
8284,三竹,2021-04-06,0.0,0.0,11585.0,5.0,66.0,71.0,0.0,0.0,0.0,11585.0,0.0,0.0,0.0,
8284,三竹,2021-04-07,6.0,0.0,11585.0,4.0,68.0,66.0,0.0,0.0,0.0,11585.0,0.0,0.0,0.0,
8284,三竹,2021-04-08,3.0,0.0,11585.0,2.0,69.0,68.0,0.0,0.0,0.0,11585.0,0.0,0.0,0.0,X
8284,三竹,2021-04-09,1.0,0.0,11585.0,4.0,66.0,69.0,0.0,0.0,0.0,11585.0,0.0,0.0,0.0,X
8284,三竹,2021-04-12,2.0,0.0,11585.0,0.0,68.0,66.0,0.0,0.0,0.0,11585.0,0.0,0.0,0.0,X
8284,三竹,2021-04-13,1.0,0.0,11585.0,0.0,69.0,68.0,0.0,0.0,0.0,11585.0,0.0,0.0,0.0,X
8284,三竹,2021-04-14,0.0,0.0,11585.0,1.0,68.0,69.0,0.0,0.0,0.0,11585.0,0.0,0.0,0.0,
8284,三竹,2021-04-15,0.0,0.0,11585.0,0.0,68.0,68.0,0.0,0.0,0.0,11585.0,0.0,0.0,0.0,
8284,三竹,2021-04-16,0.0,0.0,11585.0,0.0,68.0,68.0,0.0,0.0,0.0,11585.0,0.0,0.0,0.0,
8284,三竹,2021-04-19,1.0,0.0,11585.0,0.0,69.0,68.0,0.0,0.0,0.0,11585.0,0.0,0.0,0.0,
8284,三竹,2021-04-20,1.0,0.0,11585.0,1.0,69.0,69.0,0.0,0.0,0.0,11585.0,0.0,0.0,0.0,
8284,三竹,2021-04-21,1.0,0.0,11585.0,0.0,70.0,69.0,0.0,0.0,0.0,11585.0,0.0,0.0,0.0,
8284,三竹,2021-04-22,9.0,0.0,11585.0,0.0,79.0,70.0,0.0,0.0,0.0,11585.0,0.0,0.0,0.0,
8284,三竹,2021-04-23,1.0,0.0,11585.0,0.0,80.0,79.0,0.0,0.0,0.0,11585.0,0.0,0.0,0.0,
