stock_id,stock_name,date,HoldingSharesLevel,people,percent,unit
3264,欣銓,2017-10-13,1-999,30279.0,0.39,1923612.0
3264,欣銓,2017-10-13,"1,000-5,000",10508.0,4.48,21786608.0
3264,欣銓,2017-10-13,"10,001-15,000",1240.0,2.94,14318847.0
3264,欣銓,2017-10-13,"100,001-200,000",151.0,4.36,21186572.0
3264,欣銓,2017-10-13,"15,001-20,000",371.0,1.34,6552640.0
3264,欣銓,2017-10-13,"20,001-30,000",491.0,2.4,11686881.0
3264,欣銓,2017-10-13,"200,001-400,000",81.0,4.64,22566223.0
3264,欣銓,2017-10-13,"30,001-40,000",243.0,1.72,8386988.0
3264,欣銓,2017-10-13,"40,001-50,000",117.0,1.08,5247463.0
3264,欣銓,2017-10-13,"400,001-600,000",29.0,2.94,14307333.0
3264,欣銓,2017-10-13,"5,001-10,000",2574.0,3.63,17658471.0
3264,欣銓,2017-10-13,"50,001-100,000",255.0,3.54,17226095.0
3264,欣銓,2017-10-13,"600,001-800,000",19.0,2.7,13131477.0
3264,欣銓,2017-10-13,"800,001-1,000,000",12.0,2.16,10518520.0
3264,欣銓,2017-10-13,"more than 1,000,001",60.0,61.58,298963581.0
3264,欣銓,2017-10-13,total,46430.0,100.0,485461311.0
3264,欣銓,2017-10-27,1-999,30320.0,0.39,1930708.0
3264,欣銓,2017-10-27,"1,000-5,000",10296.0,4.39,21350788.0
3264,欣銓,2017-10-27,"10,001-15,000",1185.0,2.8,13638979.0
3264,欣銓,2017-10-27,"100,001-200,000",142.0,4.07,19777175.0
3264,欣銓,2017-10-27,"15,001-20,000",361.0,1.31,6386747.0
3264,欣銓,2017-10-27,"20,001-30,000",467.0,2.28,11078039.0
3264,欣銓,2017-10-27,"200,001-400,000",88.0,5.15,25010472.0
3264,欣銓,2017-10-27,"30,001-40,000",237.0,1.68,8160544.0
3264,欣銓,2017-10-27,"40,001-50,000",118.0,1.09,5315435.0
3264,欣銓,2017-10-27,"400,001-600,000",30.0,3.03,14738333.0
3264,欣銓,2017-10-27,"5,001-10,000",2470.0,3.48,16921860.0
3264,欣銓,2017-10-27,"50,001-100,000",246.0,3.4,16545053.0
3264,欣銓,2017-10-27,"600,001-800,000",19.0,2.66,12936446.0
3264,欣銓,2017-10-27,"800,001-1,000,000",10.0,1.79,8711334.0
3264,欣銓,2017-10-27,"more than 1,000,001",61.0,62.4,302959398.0
3264,欣銓,2017-10-27,total,46050.0,100.0,485461311.0
3264,欣銓,2017-11-10,1-999,31033.0,0.42,2048488.0
3264,欣銓,2017-11-10,"1,000-5,000",9941.0,4.14,20114630.0
3264,欣銓,2017-11-10,"10,001-15,000",956.0,2.27,11060182.0
3264,欣銓,2017-11-10,"100,001-200,000",125.0,3.59,17460625.0
3264,欣銓,2017-11-10,"15,001-20,000",320.0,1.16,5674887.0
3264,欣銓,2017-11-10,"20,001-30,000",387.0,1.91,9284637.0
3264,欣銓,2017-11-10,"200,001-400,000",88.0,5.23,25403153.0
3264,欣銓,2017-11-10,"30,001-40,000",181.0,1.28,6254791.0
3264,欣銓,2017-11-10,"40,001-50,000",98.0,0.9,4412981.0
3264,欣銓,2017-11-10,"400,001-600,000",29.0,2.97,14459625.0
3264,欣銓,2017-11-10,"5,001-10,000",2066.0,2.92,14185729.0
3264,欣銓,2017-11-10,"50,001-100,000",192.0,2.71,13178619.0
3264,欣銓,2017-11-10,"600,001-800,000",17.0,2.36,11486080.0
3264,欣銓,2017-11-10,"800,001-1,000,000",12.0,2.2,10720170.0
3264,欣銓,2017-11-10,"more than 1,000,001",65.0,65.85,319716714.0
3264,欣銓,2017-11-10,total,45510.0,100.0,485461311.0
3264,欣銓,2017-11-17,1-999,31162.0,0.42,2083716.0
3264,欣銓,2017-11-17,"1,000-5,000",9703.0,4.04,19628521.0
3264,欣銓,2017-11-17,"10,001-15,000",876.0,2.09,10157965.0
3264,欣銓,2017-11-17,"100,001-200,000",117.0,3.39,16496127.0
3264,欣銓,2017-11-17,"15,001-20,000",301.0,1.1,5368473.0
3264,欣銓,2017-11-17,"20,001-30,000",388.0,1.92,9321981.0
3264,欣銓,2017-11-17,"200,001-400,000",76.0,4.42,21474516.0
3264,欣銓,2017-11-17,"30,001-40,000",159.0,1.13,5508729.0
3264,欣銓,2017-11-17,"40,001-50,000",95.0,0.88,4280844.0
3264,欣銓,2017-11-17,"400,001-600,000",27.0,2.74,13317084.0
3264,欣銓,2017-11-17,"5,001-10,000",1998.0,2.85,13835881.0
3264,欣銓,2017-11-17,"50,001-100,000",189.0,2.67,12971607.0
3264,欣銓,2017-11-17,"600,001-800,000",20.0,2.8,13612587.0
3264,欣銓,2017-11-17,"800,001-1,000,000",13.0,2.35,11430921.0
3264,欣銓,2017-11-17,"more than 1,000,001",67.0,67.14,325972359.0
3264,欣銓,2017-11-17,total,45191.0,100.0,485461311.0
3264,欣銓,2017-12-08,1-999,31087.0,0.42,2067671.0
3264,欣銓,2017-12-08,"1,000-5,000",9514.0,3.97,19312262.0
3264,欣銓,2017-12-08,"10,001-15,000",835.0,2.0,9734730.0
3264,欣銓,2017-12-08,"100,001-200,000",123.0,3.56,17307212.0
3264,欣銓,2017-12-08,"15,001-20,000",296.0,1.08,5285390.0
3264,欣銓,2017-12-08,"20,001-30,000",342.0,1.69,8227179.0
3264,欣銓,2017-12-08,"200,001-400,000",79.0,4.64,22539546.0
3264,欣銓,2017-12-08,"30,001-40,000",156.0,1.1,5364688.0
3264,欣銓,2017-12-08,"40,001-50,000",93.0,0.86,4192105.0
3264,欣銓,2017-12-08,"400,001-600,000",33.0,3.43,16691456.0
3264,欣銓,2017-12-08,"5,001-10,000",1888.0,2.7,13152159.0
3264,欣銓,2017-12-08,"50,001-100,000",200.0,2.89,14035729.0
3264,欣銓,2017-12-08,"600,001-800,000",18.0,2.55,12413394.0
3264,欣銓,2017-12-08,"800,001-1,000,000",14.0,2.54,12346672.0
3264,欣銓,2017-12-08,"more than 1,000,001",71.0,66.49,322791118.0
3264,欣銓,2017-12-08,total,44749.0,100.0,485461311.0
3264,欣銓,2017-12-15,1-999,31082.0,0.42,2065581.0
3264,欣銓,2017-12-15,"1,000-5,000",9570.0,3.98,19345609.0
3264,欣銓,2017-12-15,"10,001-15,000",835.0,2.0,9722894.0
3264,欣銓,2017-12-15,"100,001-200,000",124.0,3.58,17393615.0
3264,欣銓,2017-12-15,"15,001-20,000",279.0,1.02,4984834.0
3264,欣銓,2017-12-15,"20,001-30,000",346.0,1.72,8356948.0
3264,欣銓,2017-12-15,"200,001-400,000",78.0,4.5,21878320.0
3264,欣銓,2017-12-15,"30,001-40,000",152.0,1.07,5239553.0
3264,欣銓,2017-12-15,"40,001-50,000",89.0,0.82,4004900.0
3264,欣銓,2017-12-15,"400,001-600,000",30.0,3.08,14981364.0
3264,欣銓,2017-12-15,"5,001-10,000",1870.0,2.68,13036123.0
3264,欣銓,2017-12-15,"50,001-100,000",184.0,2.64,12845362.0
3264,欣銓,2017-12-15,"600,001-800,000",20.0,2.79,13574418.0
3264,欣銓,2017-12-15,"800,001-1,000,000",17.0,3.15,15298672.0
3264,欣銓,2017-12-15,"more than 1,000,001",74.0,66.47,322733118.0
3264,欣銓,2017-12-15,total,44750.0,100.0,485461311.0
3264,欣銓,2018-01-19,1-999,30880.0,0.42,2045058.0
3264,欣銓,2018-01-19,"1,000-5,000",9643.0,4.01,19481089.0
3264,欣銓,2018-01-19,"10,001-15,000",811.0,1.95,9496202.0
3264,欣銓,2018-01-19,"100,001-200,000",113.0,3.25,15785854.0
3264,欣銓,2018-01-19,"15,001-20,000",285.0,1.04,5088844.0
3264,欣銓,2018-01-19,"20,001-30,000",328.0,1.64,7964204.0
3264,欣銓,2018-01-19,"200,001-400,000",86.0,5.12,24858946.0
3264,欣銓,2018-01-19,"30,001-40,000",165.0,1.18,5731855.0
3264,欣銓,2018-01-19,"40,001-50,000",85.0,0.79,3857580.0
3264,欣銓,2018-01-19,"400,001-600,000",26.0,2.68,13019421.0
3264,欣銓,2018-01-19,"5,001-10,000",1836.0,2.67,12978048.0
3264,欣銓,2018-01-19,"50,001-100,000",173.0,2.48,12069822.0
3264,欣銓,2018-01-19,"600,001-800,000",26.0,3.73,18113396.0
3264,欣銓,2018-01-19,"800,001-1,000,000",15.0,2.67,13003851.0
3264,欣銓,2018-01-19,"more than 1,000,001",83.0,66.32,321967141.0
3264,欣銓,2018-01-19,total,44555.0,100.0,485461311.0
3264,欣銓,2018-01-26,1-999,30842.0,0.42,2040203.0
3264,欣銓,2018-01-26,"1,000-5,000",10505.0,4.4,21372199.0
3264,欣銓,2018-01-26,"10,001-15,000",820.0,1.98,9652823.0
3264,欣銓,2018-01-26,"100,001-200,000",118.0,3.37,16363652.0
3264,欣銓,2018-01-26,"15,001-20,000",326.0,1.21,5882124.0
3264,欣銓,2018-01-26,"20,001-30,000",368.0,1.83,8921420.0
3264,欣銓,2018-01-26,"200,001-400,000",96.0,5.59,27164543.0
3264,欣銓,2018-01-26,"30,001-40,000",159.0,1.13,5526161.0
3264,欣銓,2018-01-26,"40,001-50,000",79.0,0.73,3587317.0
3264,欣銓,2018-01-26,"400,001-600,000",27.0,2.77,13454300.0
3264,欣銓,2018-01-26,"5,001-10,000",1986.0,2.93,14271491.0
3264,欣銓,2018-01-26,"50,001-100,000",193.0,2.84,13827886.0
3264,欣銓,2018-01-26,"600,001-800,000",21.0,3.01,14640586.0
3264,欣銓,2018-01-26,"800,001-1,000,000",15.0,2.73,13277672.0
3264,欣銓,2018-01-26,"more than 1,000,001",85.0,64.98,315478934.0
3264,欣銓,2018-01-26,total,45640.0,100.0,485461311.0
3264,欣銓,2018-02-02,1-999,30765.0,0.41,2020265.0
3264,欣銓,2018-02-02,"1,000-5,000",10817.0,4.56,22177860.0
3264,欣銓,2018-02-02,"10,001-15,000",833.0,2.03,9859875.0
3264,欣銓,2018-02-02,"100,001-200,000",125.0,3.61,17568300.0
3264,欣銓,2018-02-02,"15,001-20,000",329.0,1.21,5907409.0
3264,欣銓,2018-02-02,"20,001-30,000",378.0,1.9,9252005.0
3264,欣銓,2018-02-02,"200,001-400,000",93.0,5.44,26436970.0
3264,欣銓,2018-02-02,"30,001-40,000",168.0,1.21,5879349.0
3264,欣銓,2018-02-02,"40,001-50,000",85.0,0.8,3895114.0
3264,欣銓,2018-02-02,"400,001-600,000",35.0,3.5,17018534.0
3264,欣銓,2018-02-02,"5,001-10,000",2083.0,3.1,15068446.0
3264,欣銓,2018-02-02,"50,001-100,000",200.0,2.96,14408114.0
3264,欣銓,2018-02-02,"600,001-800,000",16.0,2.25,10959003.0
3264,欣銓,2018-02-02,"800,001-1,000,000",17.0,3.07,14951659.0
3264,欣銓,2018-02-02,"more than 1,000,001",83.0,63.86,310058408.0
3264,欣銓,2018-02-02,total,46027.0,100.0,485461311.0
3264,欣銓,2018-03-23,1-999,31214.0,0.4,1985283.0
3264,欣銓,2018-03-23,"1,000-5,000",11002.0,4.57,22412705.0
3264,欣銓,2018-03-23,"10,001-15,000",812.0,1.95,9597809.0
3264,欣銓,2018-03-23,"100,001-200,000",121.0,3.47,17053181.0
3264,欣銓,2018-03-23,"15,001-20,000",336.0,1.24,6084655.0
3264,欣銓,2018-03-23,"20,001-30,000",363.0,1.79,8805239.0
3264,欣銓,2018-03-23,"200,001-400,000",100.0,5.77,28312772.0
3264,欣銓,2018-03-23,"30,001-40,000",174.0,1.23,6069524.0
3264,欣銓,2018-03-23,"40,001-50,000",88.0,0.82,4036611.0
3264,欣銓,2018-03-23,"400,001-600,000",39.0,3.95,19366684.0
3264,欣銓,2018-03-23,"5,001-10,000",2123.0,3.15,15456142.0
3264,欣銓,2018-03-23,"50,001-100,000",195.0,2.81,13806014.0
3264,欣銓,2018-03-23,"600,001-800,000",19.0,2.69,13193509.0
3264,欣銓,2018-03-23,"800,001-1,000,000",19.0,3.42,16776111.0
3264,欣銓,2018-03-23,"more than 1,000,001",77.0,62.66,307079872.0
3264,欣銓,2018-03-23,total,46682.0,100.0,490036111.0
3264,欣銓,2018-03-31,1-999,31429.0,0.4,1986025.0
3264,欣銓,2018-03-31,"1,000-5,000",10861.0,4.5,22078751.0
3264,欣銓,2018-03-31,"10,001-15,000",806.0,1.94,9518662.0
3264,欣銓,2018-03-31,"100,001-200,000",119.0,3.41,16722166.0
3264,欣銓,2018-03-31,"15,001-20,000",332.0,1.22,6022447.0
3264,欣銓,2018-03-31,"20,001-30,000",347.0,1.71,8423623.0
3264,欣銓,2018-03-31,"200,001-400,000",102.0,5.91,29008674.0
3264,欣銓,2018-03-31,"30,001-40,000",171.0,1.22,5987078.0
3264,欣銓,2018-03-31,"40,001-50,000",91.0,0.85,4189458.0
3264,欣銓,2018-03-31,"400,001-600,000",42.0,4.17,20479175.0
3264,欣銓,2018-03-31,"5,001-10,000",2099.0,3.1,15235573.0
3264,欣銓,2018-03-31,"50,001-100,000",193.0,2.76,13557727.0
3264,欣銓,2018-03-31,"600,001-800,000",21.0,3.01,14776894.0
3264,欣銓,2018-03-31,"800,001-1,000,000",19.0,3.45,16945783.0
3264,欣銓,2018-03-31,"more than 1,000,001",76.0,62.26,305104075.0
3264,欣銓,2018-03-31,total,46708.0,100.0,490036111.0
3264,欣銓,2018-04-03,1-999,31420.0,0.4,1981300.0
3264,欣銓,2018-04-03,"1,000-5,000",10835.0,4.49,22034906.0
3264,欣銓,2018-04-03,"10,001-15,000",800.0,1.92,9452161.0
3264,欣銓,2018-04-03,"100,001-200,000",116.0,3.34,16387653.0
3264,欣銓,2018-04-03,"15,001-20,000",338.0,1.25,6138973.0
3264,欣銓,2018-04-03,"20,001-30,000",355.0,1.75,8623763.0
3264,欣銓,2018-04-03,"200,001-400,000",106.0,6.15,30163689.0
3264,欣銓,2018-04-03,"30,001-40,000",169.0,1.2,5896780.0
3264,欣銓,2018-04-03,"40,001-50,000",92.0,0.86,4248458.0
3264,欣銓,2018-04-03,"400,001-600,000",41.0,4.11,20186925.0
3264,欣銓,2018-04-03,"5,001-10,000",2113.0,3.12,15338024.0
3264,欣銓,2018-04-03,"50,001-100,000",192.0,2.77,13593727.0
3264,欣銓,2018-04-03,"600,001-800,000",19.0,2.69,13213690.0
3264,欣銓,2018-04-03,"800,001-1,000,000",19.0,3.45,16910454.0
3264,欣銓,2018-04-03,"more than 1,000,001",77.0,62.41,305865608.0
3264,欣銓,2018-04-03,total,46692.0,100.0,490036111.0
3264,欣銓,2018-04-27,1-999,31209.0,0.39,1947874.0
3264,欣銓,2018-04-27,"1,000-5,000",11087.0,4.68,22934496.0
3264,欣銓,2018-04-27,"10,001-15,000",838.0,2.02,9913766.0
3264,欣銓,2018-04-27,"100,001-200,000",124.0,3.52,17261734.0
3264,欣銓,2018-04-27,"15,001-20,000",360.0,1.32,6515352.0
3264,欣銓,2018-04-27,"20,001-30,000",377.0,1.87,9207119.0
3264,欣銓,2018-04-27,"200,001-400,000",98.0,5.74,28170688.0
3264,欣銓,2018-04-27,"30,001-40,000",183.0,1.3,6388005.0
3264,欣銓,2018-04-27,"40,001-50,000",94.0,0.87,4288582.0
3264,欣銓,2018-04-27,"400,001-600,000",40.0,4.04,19805034.0
3264,欣銓,2018-04-27,"5,001-10,000",2250.0,3.35,16434368.0
3264,欣銓,2018-04-27,"50,001-100,000",205.0,2.95,14489840.0
3264,欣銓,2018-04-27,"600,001-800,000",16.0,2.28,11196208.0
3264,欣銓,2018-04-27,"800,001-1,000,000",16.0,2.9,14219691.0
3264,欣銓,2018-04-27,"more than 1,000,001",80.0,62.69,307223454.0
3264,欣銓,2018-04-27,total,46977.0,100.0,489996211.0
3264,欣銓,2018-05-11,1-999,31124.0,0.39,1936892.0
3264,欣銓,2018-05-11,"1,000-5,000",11093.0,4.7,23038098.0
3264,欣銓,2018-05-11,"10,001-15,000",817.0,1.96,9611304.0
3264,欣銓,2018-05-11,"100,001-200,000",126.0,3.58,17571422.0
3264,欣銓,2018-05-11,"15,001-20,000",367.0,1.35,6653355.0
3264,欣銓,2018-05-11,"20,001-30,000",384.0,1.91,9400265.0
3264,欣銓,2018-05-11,"200,001-400,000",101.0,5.85,28694500.0
3264,欣銓,2018-05-11,"30,001-40,000",177.0,1.26,6206306.0
3264,欣銓,2018-05-11,"40,001-50,000",105.0,0.98,4807308.0
3264,欣銓,2018-05-11,"400,001-600,000",40.0,4.08,20016965.0
3264,欣銓,2018-05-11,"5,001-10,000",2239.0,3.34,16370523.0
3264,欣銓,2018-05-11,"50,001-100,000",195.0,2.81,13775518.0
3264,欣銓,2018-05-11,"600,001-800,000",15.0,2.13,10474208.0
3264,欣銓,2018-05-11,"800,001-1,000,000",12.0,2.23,10966257.0
3264,欣銓,2018-05-11,"more than 1,000,001",82.0,63.36,310473290.0
3264,欣銓,2018-05-11,total,46877.0,100.0,489996211.0
3264,欣銓,2018-06-15,1-999,30980.0,0.39,1925480.0
3264,欣銓,2018-06-15,"1,000-5,000",10626.0,4.47,21941945.0
3264,欣銓,2018-06-15,"10,001-15,000",814.0,1.95,9607707.0
3264,欣銓,2018-06-15,"100,001-200,000",103.0,2.87,14099411.0
3264,欣銓,2018-06-15,"15,001-20,000",325.0,1.2,5899696.0
3264,欣銓,2018-06-15,"20,001-30,000",386.0,1.92,9457288.0
3264,欣銓,2018-06-15,"200,001-400,000",99.0,5.71,28018973.0
3264,欣銓,2018-06-15,"30,001-40,000",172.0,1.22,5990249.0
3264,欣銓,2018-06-15,"40,001-50,000",96.0,0.89,4389559.0
3264,欣銓,2018-06-15,"400,001-600,000",35.0,3.51,17261466.0
3264,欣銓,2018-06-15,"5,001-10,000",2085.0,3.09,15182621.0
3264,欣銓,2018-06-15,"50,001-100,000",190.0,2.72,13377825.0
3264,欣銓,2018-06-15,"600,001-800,000",16.0,2.28,11199165.0
3264,欣銓,2018-06-15,"800,001-1,000,000",14.0,2.55,12537992.0
3264,欣銓,2018-06-15,"more than 1,000,001",81.0,65.15,319506834.0
3264,欣銓,2018-06-15,total,46022.0,100.0,490396211.0
3264,欣銓,2018-06-22,1-999,30928.0,0.39,1919106.0
3264,欣銓,2018-06-22,"1,000-5,000",10589.0,4.47,21930057.0
3264,欣銓,2018-06-22,"10,001-15,000",826.0,1.98,9742375.0
3264,欣銓,2018-06-22,"100,001-200,000",107.0,3.0,14757313.0
3264,欣銓,2018-06-22,"15,001-20,000",329.0,1.21,5959166.0
3264,欣銓,2018-06-22,"20,001-30,000",372.0,1.85,9097245.0
3264,欣銓,2018-06-22,"200,001-400,000",99.0,5.71,28018812.0
3264,欣銓,2018-06-22,"30,001-40,000",185.0,1.31,6452250.0
3264,欣銓,2018-06-22,"40,001-50,000",91.0,0.85,4171559.0
3264,欣銓,2018-06-22,"400,001-600,000",36.0,3.67,17999286.0
3264,欣銓,2018-06-22,"5,001-10,000",2092.0,3.1,15239787.0
3264,欣銓,2018-06-22,"50,001-100,000",197.0,2.8,13776206.0
3264,欣銓,2018-06-22,"600,001-800,000",13.0,1.83,9014276.0
3264,欣銓,2018-06-22,"800,001-1,000,000",14.0,2.58,12658452.0
3264,欣銓,2018-06-22,"more than 1,000,001",81.0,65.18,319660321.0
3264,欣銓,2018-06-22,total,45959.0,100.0,490396211.0
3264,欣銓,2018-06-29,1-999,30892.0,0.39,1918444.0
3264,欣銓,2018-06-29,"1,000-5,000",10602.0,4.49,22049843.0
3264,欣銓,2018-06-29,"10,001-15,000",849.0,2.04,10043214.0
3264,欣銓,2018-06-29,"100,001-200,000",116.0,3.27,16050332.0
3264,欣銓,2018-06-29,"15,001-20,000",326.0,1.2,5892778.0
3264,欣銓,2018-06-29,"20,001-30,000",384.0,1.91,9400502.0
3264,欣銓,2018-06-29,"200,001-400,000",93.0,5.34,26234360.0
3264,欣銓,2018-06-29,"30,001-40,000",172.0,1.22,6012392.0
3264,欣銓,2018-06-29,"40,001-50,000",100.0,0.93,4586642.0
3264,欣銓,2018-06-29,"400,001-600,000",39.0,3.96,19430113.0
3264,欣銓,2018-06-29,"5,001-10,000",2092.0,3.1,15209649.0
3264,欣銓,2018-06-29,"50,001-100,000",198.0,2.83,13879947.0
3264,欣銓,2018-06-29,"600,001-800,000",13.0,1.85,9106610.0
3264,欣銓,2018-06-29,"800,001-1,000,000",12.0,2.21,10873263.0
3264,欣銓,2018-06-29,"more than 1,000,001",79.0,65.19,319708122.0
3264,欣銓,2018-06-29,total,45967.0,100.0,490396211.0
3264,欣銓,2018-07-20,1-999,30847.0,0.38,1911321.0
3264,欣銓,2018-07-20,"1,000-5,000",10326.0,4.34,21314780.0
3264,欣銓,2018-07-20,"10,001-15,000",810.0,1.94,9559427.0
3264,欣銓,2018-07-20,"100,001-200,000",114.0,3.23,15867073.0
3264,欣銓,2018-07-20,"15,001-20,000",328.0,1.2,5918068.0
3264,欣銓,2018-07-20,"20,001-30,000",376.0,1.87,9176432.0
3264,欣銓,2018-07-20,"200,001-400,000",89.0,5.11,25092882.0
3264,欣銓,2018-07-20,"30,001-40,000",170.0,1.2,5913302.0
3264,欣銓,2018-07-20,"40,001-50,000",98.0,0.91,4483732.0
3264,欣銓,2018-07-20,"400,001-600,000",34.0,3.44,16915191.0
3264,欣銓,2018-07-20,"5,001-10,000",2009.0,2.97,14577511.0
3264,欣銓,2018-07-20,"50,001-100,000",191.0,2.73,13395951.0
3264,欣銓,2018-07-20,"600,001-800,000",13.0,1.84,9055156.0
3264,欣銓,2018-07-20,"800,001-1,000,000",12.0,2.21,10873263.0
3264,欣銓,2018-07-20,"more than 1,000,001",78.0,66.54,326342122.0
3264,欣銓,2018-07-20,total,45495.0,100.0,490396211.0
3264,欣銓,2018-07-27,1-999,30862.0,0.39,1914575.0
3264,欣銓,2018-07-27,"1,000-5,000",9971.0,4.17,20493207.0
3264,欣銓,2018-07-27,"10,001-15,000",778.0,1.86,9140954.0
3264,欣銓,2018-07-27,"100,001-200,000",103.0,2.95,14472790.0
3264,欣銓,2018-07-27,"15,001-20,000",324.0,1.19,5841096.0
3264,欣銓,2018-07-27,"20,001-30,000",368.0,1.83,8991216.0
3264,欣銓,2018-07-27,"200,001-400,000",87.0,4.93,24213703.0
3264,欣銓,2018-07-27,"30,001-40,000",167.0,1.18,5818943.0
3264,欣銓,2018-07-27,"40,001-50,000",94.0,0.88,4320844.0
3264,欣銓,2018-07-27,"400,001-600,000",35.0,3.54,17386370.0
3264,欣銓,2018-07-27,"5,001-10,000",1930.0,2.83,13915092.0
3264,欣銓,2018-07-27,"50,001-100,000",183.0,2.58,12683540.0
3264,欣銓,2018-07-27,"600,001-800,000",12.0,1.66,8177156.0
3264,欣銓,2018-07-27,"800,001-1,000,000",14.0,2.58,12660186.0
3264,欣銓,2018-07-27,"more than 1,000,001",76.0,67.36,330366539.0
3264,欣銓,2018-07-27,total,45004.0,100.0,490396211.0
3264,欣銓,2018-08-03,1-999,30878.0,0.39,1914071.0
3264,欣銓,2018-08-03,"1,000-5,000",9604.0,4.0,19658428.0
3264,欣銓,2018-08-03,"10,001-15,000",774.0,1.84,9059340.0
3264,欣銓,2018-08-03,"100,001-200,000",106.0,3.05,14987274.0
3264,欣銓,2018-08-03,"15,001-20,000",300.0,1.1,5408884.0
3264,欣銓,2018-08-03,"20,001-30,000",357.0,1.77,8702590.0
3264,欣銓,2018-08-03,"200,001-400,000",90.0,5.23,25679887.0
3264,欣銓,2018-08-03,"30,001-40,000",157.0,1.11,5455997.0
3264,欣銓,2018-08-03,"40,001-50,000",96.0,0.89,4389602.0
3264,欣銓,2018-08-03,"400,001-600,000",30.0,2.98,14652246.0
3264,欣銓,2018-08-03,"5,001-10,000",1887.0,2.76,13561913.0
3264,欣銓,2018-08-03,"50,001-100,000",180.0,2.53,12421849.0
3264,欣銓,2018-08-03,"600,001-800,000",13.0,1.78,8768156.0
3264,欣銓,2018-08-03,"800,001-1,000,000",11.0,2.02,9931435.0
3264,欣銓,2018-08-03,"more than 1,000,001",77.0,68.47,335804539.0
3264,欣銓,2018-08-03,total,44560.0,100.0,490396211.0
3264,欣銓,2018-09-07,1-999,30817.0,0.38,1906883.0
3264,欣銓,2018-09-07,"1,000-5,000",9061.0,3.72,18247926.0
3264,欣銓,2018-09-07,"10,001-15,000",709.0,1.69,8312841.0
3264,欣銓,2018-09-07,"100,001-200,000",109.0,3.16,15534978.0
3264,欣銓,2018-09-07,"15,001-20,000",277.0,1.01,4987333.0
3264,欣銓,2018-09-07,"20,001-30,000",338.0,1.68,8256642.0
3264,欣銓,2018-09-07,"200,001-400,000",91.0,5.24,25698234.0
3264,欣銓,2018-09-07,"30,001-40,000",152.0,1.07,5295751.0
3264,欣銓,2018-09-07,"40,001-50,000",90.0,0.84,4127268.0
3264,欣銓,2018-09-07,"400,001-600,000",27.0,2.79,13699728.0
3264,欣銓,2018-09-07,"5,001-10,000",1721.0,2.49,12223493.0
3264,欣銓,2018-09-07,"50,001-100,000",162.0,2.28,11197549.0
3264,欣銓,2018-09-07,"600,001-800,000",14.0,1.98,9732156.0
3264,欣銓,2018-09-07,"800,001-1,000,000",13.0,2.34,11502220.0
3264,欣銓,2018-09-07,"more than 1,000,001",78.0,69.26,339673209.0
3264,欣銓,2018-09-07,total,43659.0,100.0,490396211.0
3264,欣銓,2018-09-14,1-999,30753.0,0.38,1897760.0
3264,欣銓,2018-09-14,"1,000-5,000",9142.0,3.75,18420758.0
3264,欣銓,2018-09-14,"10,001-15,000",717.0,1.71,8423841.0
3264,欣銓,2018-09-14,"100,001-200,000",110.0,3.14,15412079.0
3264,欣銓,2018-09-14,"15,001-20,000",283.0,1.04,5111736.0
3264,欣銓,2018-09-14,"20,001-30,000",339.0,1.68,8272306.0
3264,欣銓,2018-09-14,"200,001-400,000",88.0,5.08,24932214.0
3264,欣銓,2018-09-14,"30,001-40,000",154.0,1.09,5360475.0
3264,欣銓,2018-09-14,"40,001-50,000",84.0,0.78,3828268.0
3264,欣銓,2018-09-14,"400,001-600,000",29.0,2.95,14471728.0
3264,欣銓,2018-09-14,"5,001-10,000",1740.0,2.52,12404023.0
3264,欣銓,2018-09-14,"50,001-100,000",170.0,2.37,11647902.0
3264,欣銓,2018-09-14,"600,001-800,000",17.0,2.42,11874782.0
3264,欣銓,2018-09-14,"800,001-1,000,000",11.0,1.98,9718220.0
3264,欣銓,2018-09-14,"more than 1,000,001",78.0,69.05,338620119.0
3264,欣銓,2018-09-14,total,43715.0,100.0,490396211.0
3264,欣銓,2018-09-21,1-999,30747.0,0.38,1899381.0
3264,欣銓,2018-09-21,"1,000-5,000",9237.0,3.8,18678861.0
3264,欣銓,2018-09-21,"10,001-15,000",727.0,1.74,8558354.0
3264,欣銓,2018-09-21,"100,001-200,000",113.0,3.21,15774662.0
3264,欣銓,2018-09-21,"15,001-20,000",279.0,1.02,5023985.0
3264,欣銓,2018-09-21,"20,001-30,000",345.0,1.71,8422616.0
3264,欣銓,2018-09-21,"200,001-400,000",85.0,4.89,24013294.0
3264,欣銓,2018-09-21,"30,001-40,000",147.0,1.04,5105764.0
3264,欣銓,2018-09-21,"40,001-50,000",81.0,0.75,3689268.0
3264,欣銓,2018-09-21,"400,001-600,000",31.0,3.17,15555962.0
3264,欣銓,2018-09-21,"5,001-10,000",1724.0,2.5,12281929.0
3264,欣銓,2018-09-21,"50,001-100,000",166.0,2.29,11271069.0
3264,欣銓,2018-09-21,"600,001-800,000",16.0,2.24,11002101.0
3264,欣銓,2018-09-21,"800,001-1,000,000",16.0,2.9,14229846.0
3264,欣銓,2018-09-21,"more than 1,000,001",79.0,68.28,334889119.0
3264,欣銓,2018-09-21,total,43793.0,100.0,490396211.0
3264,欣銓,2018-11-09,1-999,30425.0,0.37,1837287.0
3264,欣銓,2018-11-09,"1,000-5,000",9919.0,4.19,20557514.0
3264,欣銓,2018-11-09,"10,001-15,000",812.0,1.96,9643095.0
3264,欣銓,2018-11-09,"100,001-200,000",129.0,3.71,18207073.0
3264,欣銓,2018-11-09,"15,001-20,000",323.0,1.18,5796568.0
3264,欣銓,2018-11-09,"20,001-30,000",371.0,1.83,8985470.0
3264,欣銓,2018-11-09,"200,001-400,000",70.0,4.03,19766196.0
3264,欣銓,2018-11-09,"30,001-40,000",179.0,1.27,6250099.0
3264,欣銓,2018-11-09,"40,001-50,000",97.0,0.89,4397681.0
3264,欣銓,2018-11-09,"400,001-600,000",28.0,2.91,14295227.0
3264,欣銓,2018-11-09,"5,001-10,000",1968.0,2.87,14095608.0
3264,欣銓,2018-11-09,"50,001-100,000",183.0,2.59,12718018.0
3264,欣銓,2018-11-09,"600,001-800,000",17.0,2.41,11818935.0
3264,欣銓,2018-11-09,"800,001-1,000,000",15.0,2.72,13344310.0
3264,欣銓,2018-11-09,"more than 1,000,001",76.0,67.02,328683130.0
3264,欣銓,2018-11-09,total,44612.0,100.0,490396211.0
3264,欣銓,2018-11-16,1-999,30444.0,0.37,1844106.0
3264,欣銓,2018-11-16,"1,000-5,000",9969.0,4.19,20556603.0
3264,欣銓,2018-11-16,"10,001-15,000",795.0,1.92,9431873.0
3264,欣銓,2018-11-16,"100,001-200,000",127.0,3.69,18101047.0
3264,欣銓,2018-11-16,"15,001-20,000",332.0,1.21,5977820.0
3264,欣銓,2018-11-16,"20,001-30,000",367.0,1.82,8928231.0
3264,欣銓,2018-11-16,"200,001-400,000",69.0,3.98,19524253.0
3264,欣銓,2018-11-16,"30,001-40,000",167.0,1.18,5809140.0
3264,欣銓,2018-11-16,"40,001-50,000",92.0,0.85,4195379.0
3264,欣銓,2018-11-16,"400,001-600,000",30.0,3.07,15093376.0
3264,欣銓,2018-11-16,"5,001-10,000",1953.0,2.85,14024818.0
3264,欣銓,2018-11-16,"50,001-100,000",181.0,2.55,12505875.0
3264,欣銓,2018-11-16,"600,001-800,000",14.0,1.94,9550786.0
3264,欣銓,2018-11-16,"800,001-1,000,000",15.0,2.7,13255850.0
3264,欣銓,2018-11-16,"more than 1,000,001",77.0,67.61,331597054.0
3264,欣銓,2018-11-16,total,44632.0,100.0,490396211.0
3264,欣銓,2018-11-30,1-999,30440.0,0.37,1837513.0
3264,欣銓,2018-11-30,"1,000-5,000",9843.0,4.13,20298363.0
3264,欣銓,2018-11-30,"10,001-15,000",801.0,1.94,9516078.0
3264,欣銓,2018-11-30,"100,001-200,000",121.0,3.57,17543024.0
3264,欣銓,2018-11-30,"15,001-20,000",330.0,1.21,5945165.0
3264,欣銓,2018-11-30,"20,001-30,000",367.0,1.81,8918035.0
3264,欣銓,2018-11-30,"200,001-400,000",72.0,4.09,20069253.0
3264,欣銓,2018-11-30,"30,001-40,000",169.0,1.2,5886292.0
3264,欣銓,2018-11-30,"40,001-50,000",93.0,0.86,4230098.0
3264,欣銓,2018-11-30,"400,001-600,000",30.0,3.06,15030763.0
3264,欣銓,2018-11-30,"5,001-10,000",1942.0,2.84,13957618.0
3264,欣銓,2018-11-30,"50,001-100,000",177.0,2.5,12266319.0
3264,欣銓,2018-11-30,"600,001-800,000",14.0,2.0,9829326.0
3264,欣銓,2018-11-30,"800,001-1,000,000",17.0,3.1,15223974.0
3264,欣銓,2018-11-30,"more than 1,000,001",77.0,67.26,329844390.0
3264,欣銓,2018-11-30,total,44493.0,100.0,490396211.0
3264,欣銓,2018-12-07,1-999,30375.0,0.37,1830221.0
3264,欣銓,2018-12-07,"1,000-5,000",10291.0,4.36,21405228.0
3264,欣銓,2018-12-07,"10,001-15,000",820.0,1.99,9763282.0
3264,欣銓,2018-12-07,"100,001-200,000",120.0,3.48,17095108.0
3264,欣銓,2018-12-07,"15,001-20,000",350.0,1.28,6321704.0
3264,欣銓,2018-12-07,"20,001-30,000",373.0,1.85,9074102.0
3264,欣銓,2018-12-07,"200,001-400,000",76.0,4.38,21508103.0
3264,欣銓,2018-12-07,"30,001-40,000",175.0,1.25,6136873.0
3264,欣銓,2018-12-07,"40,001-50,000",93.0,0.86,4243911.0
3264,欣銓,2018-12-07,"400,001-600,000",27.0,2.81,13825810.0
3264,欣銓,2018-12-07,"5,001-10,000",2029.0,2.97,14601262.0
3264,欣銓,2018-12-07,"50,001-100,000",195.0,2.75,13517814.0
3264,欣銓,2018-12-07,"600,001-800,000",16.0,2.31,11358760.0
3264,欣銓,2018-12-07,"800,001-1,000,000",16.0,2.88,14121541.0
3264,欣銓,2018-12-07,"more than 1,000,001",76.0,66.38,325521457.0
3264,欣銓,2018-12-07,total,45032.0,100.0,490325176.0
3264,欣銓,2018-12-14,1-999,30328.0,0.37,1820345.0
3264,欣銓,2018-12-14,"1,000-5,000",10520.0,4.48,21968407.0
3264,欣銓,2018-12-14,"10,001-15,000",848.0,2.06,10117383.0
3264,欣銓,2018-12-14,"100,001-200,000",117.0,3.4,16675087.0
3264,欣銓,2018-12-14,"15,001-20,000",363.0,1.34,6579043.0
3264,欣銓,2018-12-14,"20,001-30,000",380.0,1.88,9248916.0
3264,欣銓,2018-12-14,"200,001-400,000",75.0,4.29,21060006.0
3264,欣銓,2018-12-14,"30,001-40,000",179.0,1.28,6302423.0
3264,欣銓,2018-12-14,"40,001-50,000",97.0,0.9,4428029.0
3264,欣銓,2018-12-14,"400,001-600,000",27.0,2.84,13967443.0
3264,欣銓,2018-12-14,"5,001-10,000",2094.0,3.09,15168617.0
3264,欣銓,2018-12-14,"50,001-100,000",203.0,2.88,14136106.0
3264,欣銓,2018-12-14,"600,001-800,000",15.0,2.13,10483984.0
3264,欣銓,2018-12-14,"800,001-1,000,000",17.0,3.07,15069062.0
3264,欣銓,2018-12-14,"more than 1,000,001",76.0,65.93,323300325.0
3264,欣銓,2018-12-14,total,45339.0,100.0,490325176.0
3264,欣銓,2019-01-19,1-999,30278.0,0.36,1797674.0
3264,欣銓,2019-01-19,"1,000-5,000",10785.0,4.6,22576920.0
3264,欣銓,2019-01-19,"10,001-15,000",873.0,2.12,10442015.0
3264,欣銓,2019-01-19,"100,001-200,000",114.0,3.29,16166595.0
3264,欣銓,2019-01-19,"15,001-20,000",398.0,1.47,7216014.0
3264,欣銓,2019-01-19,"20,001-30,000",410.0,2.03,9990853.0
3264,欣銓,2019-01-19,"200,001-400,000",74.0,4.21,20661858.0
3264,欣銓,2019-01-19,"30,001-40,000",176.0,1.26,6199952.0
3264,欣銓,2019-01-19,"40,001-50,000",109.0,1.0,4942819.0
3264,欣銓,2019-01-19,"400,001-600,000",35.0,3.53,17348094.0
3264,欣銓,2019-01-19,"5,001-10,000",2209.0,3.26,16017574.0
3264,欣銓,2019-01-19,"50,001-100,000",215.0,3.07,15066591.0
3264,欣銓,2019-01-19,"600,001-800,000",18.0,2.63,12940610.0
3264,欣銓,2019-01-19,"800,001-1,000,000",14.0,2.55,12534099.0
3264,欣銓,2019-01-19,"more than 1,000,001",73.0,64.53,316423508.0
3264,欣銓,2019-01-19,total,45781.0,100.0,490325176.0
3264,欣銓,2019-01-25,1-999,30319.0,0.36,1801324.0
3264,欣銓,2019-01-25,"1,000-5,000",10778.0,4.58,22498163.0
3264,欣銓,2019-01-25,"10,001-15,000",867.0,2.11,10356054.0
3264,欣銓,2019-01-25,"100,001-200,000",122.0,3.52,17271131.0
3264,欣銓,2019-01-25,"15,001-20,000",378.0,1.39,6842208.0
3264,欣銓,2019-01-25,"20,001-30,000",408.0,2.03,9962311.0
3264,欣銓,2019-01-25,"200,001-400,000",70.0,4.0,19653322.0
3264,欣銓,2019-01-25,"30,001-40,000",172.0,1.22,6029253.0
3264,欣銓,2019-01-25,"40,001-50,000",107.0,0.99,4855517.0
3264,欣銓,2019-01-25,"400,001-600,000",36.0,3.6,17674418.0
3264,欣銓,2019-01-25,"5,001-10,000",2172.0,3.21,15741780.0
3264,欣銓,2019-01-25,"50,001-100,000",213.0,3.02,14848215.0
3264,欣銓,2019-01-25,"600,001-800,000",23.0,3.32,16311286.0
3264,欣銓,2019-01-25,"800,001-1,000,000",11.0,1.99,9783099.0
3264,欣銓,2019-01-25,"more than 1,000,001",73.0,64.58,316697095.0
3264,欣銓,2019-01-25,total,45749.0,100.0,490325176.0
3264,欣銓,2019-02-01,1-999,30418.0,0.36,1813135.0
3264,欣銓,2019-02-01,"1,000-5,000",10412.0,4.4,21582540.0
3264,欣銓,2019-02-01,"10,001-15,000",839.0,2.04,10031102.0
3264,欣銓,2019-02-01,"100,001-200,000",116.0,3.42,16804020.0
3264,欣銓,2019-02-01,"15,001-20,000",369.0,1.35,6658519.0
3264,欣銓,2019-02-01,"20,001-30,000",391.0,1.94,9525782.0
3264,欣銓,2019-02-01,"200,001-400,000",70.0,3.99,19579277.0
3264,欣銓,2019-02-01,"30,001-40,000",166.0,1.18,5824181.0
3264,欣銓,2019-02-01,"40,001-50,000",101.0,0.93,4570916.0
3264,欣銓,2019-02-01,"400,001-600,000",31.0,3.1,15205661.0
3264,欣銓,2019-02-01,"5,001-10,000",2099.0,3.1,15200544.0
3264,欣銓,2019-02-01,"50,001-100,000",208.0,3.01,14769011.0
3264,欣銓,2019-02-01,"600,001-800,000",21.0,2.99,14668783.0
3264,欣銓,2019-02-01,"800,001-1,000,000",17.0,3.13,15370431.0
3264,欣銓,2019-02-01,"more than 1,000,001",73.0,65.0,318721274.0
3264,欣銓,2019-02-01,total,45331.0,100.0,490325176.0
3264,欣銓,2019-02-15,1-999,30463.0,0.36,1811607.0
3264,欣銓,2019-02-15,"1,000-5,000",10298.0,4.35,21332766.0
3264,欣銓,2019-02-15,"10,001-15,000",839.0,2.04,10042540.0
3264,欣銓,2019-02-15,"100,001-200,000",111.0,3.22,15835822.0
3264,欣銓,2019-02-15,"15,001-20,000",363.0,1.33,6548801.0
3264,欣銓,2019-02-15,"20,001-30,000",389.0,1.93,9477024.0
3264,欣銓,2019-02-15,"200,001-400,000",66.0,3.81,18703220.0
3264,欣銓,2019-02-15,"30,001-40,000",156.0,1.11,5488925.0
3264,欣銓,2019-02-15,"40,001-50,000",103.0,0.95,4658796.0
3264,欣銓,2019-02-15,"400,001-600,000",33.0,3.37,16525661.0
3264,欣銓,2019-02-15,"5,001-10,000",2071.0,3.05,14971113.0
3264,欣銓,2019-02-15,"50,001-100,000",201.0,2.89,14180065.0
3264,欣銓,2019-02-15,"600,001-800,000",20.0,2.88,14155634.0
3264,欣銓,2019-02-15,"800,001-1,000,000",14.0,2.53,12430759.0
3264,欣銓,2019-02-15,"more than 1,000,001",75.0,66.11,324163443.0
3264,欣銓,2019-02-15,total,45202.0,100.0,490325176.0
3264,欣銓,2019-02-15,差異數調整（說明4）,0.0,-0.0,-1000.0
3264,欣銓,2019-02-23,1-999,30535.0,0.36,1813770.0
3264,欣銓,2019-02-23,"1,000-5,000",10165.0,4.29,21068222.0
3264,欣銓,2019-02-23,"10,001-15,000",828.0,2.02,9908689.0
3264,欣銓,2019-02-23,"100,001-200,000",104.0,3.04,14928088.0
3264,欣銓,2019-02-23,"15,001-20,000",354.0,1.3,6383551.0
3264,欣銓,2019-02-23,"20,001-30,000",383.0,1.9,9326259.0
3264,欣銓,2019-02-23,"200,001-400,000",68.0,3.92,19234220.0
3264,欣銓,2019-02-23,"30,001-40,000",155.0,1.1,5434770.0
3264,欣銓,2019-02-23,"40,001-50,000",98.0,0.9,4416612.0
3264,欣銓,2019-02-23,"400,001-600,000",34.0,3.44,16874661.0
3264,欣銓,2019-02-23,"5,001-10,000",2025.0,2.97,14592360.0
3264,欣銓,2019-02-23,"50,001-100,000",195.0,2.78,13646602.0
3264,欣銓,2019-02-23,"600,001-800,000",18.0,2.58,12658068.0
3264,欣銓,2019-02-23,"800,001-1,000,000",14.0,2.56,12568580.0
3264,欣銓,2019-02-23,"more than 1,000,001",76.0,66.78,327470724.0
3264,欣銓,2019-02-23,total,45052.0,100.0,490325176.0
3264,欣銓,2019-03-15,1-999,31101.0,0.36,1805446.0
3264,欣銓,2019-03-15,"1,000-5,000",10919.0,4.61,22647732.0
3264,欣銓,2019-03-15,"10,001-15,000",855.0,2.08,10210093.0
3264,欣銓,2019-03-15,"100,001-200,000",107.0,3.13,15377873.0
3264,欣銓,2019-03-15,"15,001-20,000",391.0,1.44,7084389.0
3264,欣銓,2019-03-15,"20,001-30,000",389.0,1.92,9454559.0
3264,欣銓,2019-03-15,"200,001-400,000",67.0,3.79,18616243.0
3264,欣銓,2019-03-15,"30,001-40,000",175.0,1.26,6198712.0
3264,欣銓,2019-03-15,"40,001-50,000",106.0,0.98,4813851.0
3264,欣銓,2019-03-15,"400,001-600,000",32.0,3.26,15993498.0
3264,欣銓,2019-03-15,"5,001-10,000",2171.0,3.22,15823096.0
3264,欣銓,2019-03-15,"50,001-100,000",203.0,2.88,14152651.0
3264,欣銓,2019-03-15,"600,001-800,000",14.0,2.08,10201236.0
3264,欣銓,2019-03-15,"800,001-1,000,000",17.0,3.14,15431352.0
3264,欣銓,2019-03-15,"more than 1,000,001",73.0,65.77,322514445.0
3264,欣銓,2019-03-15,total,46620.0,100.0,490325176.0
3264,欣銓,2019-03-29,1-999,31597.0,0.36,1797092.0
3264,欣銓,2019-03-29,"1,000-5,000",11311.0,4.78,23471531.0
3264,欣銓,2019-03-29,"10,001-15,000",899.0,2.19,10760538.0
3264,欣銓,2019-03-29,"100,001-200,000",117.0,3.48,17085712.0
3264,欣銓,2019-03-29,"15,001-20,000",395.0,1.46,7176401.0
3264,欣銓,2019-03-29,"20,001-30,000",404.0,2.0,9854319.0
3264,欣銓,2019-03-29,"200,001-400,000",71.0,4.08,20006664.0
3264,欣銓,2019-03-29,"30,001-40,000",174.0,1.25,6146979.0
3264,欣銓,2019-03-29,"40,001-50,000",108.0,1.0,4911432.0
3264,欣銓,2019-03-29,"400,001-600,000",30.0,3.09,15176677.0
3264,欣銓,2019-03-29,"5,001-10,000",2249.0,3.35,16442764.0
3264,欣銓,2019-03-29,"50,001-100,000",205.0,2.91,14288213.0
3264,欣銓,2019-03-29,"600,001-800,000",14.0,2.02,9912236.0
3264,欣銓,2019-03-29,"800,001-1,000,000",13.0,2.33,11431061.0
3264,欣銓,2019-03-29,"more than 1,000,001",73.0,65.64,321863557.0
3264,欣銓,2019-03-29,total,47660.0,100.0,490325176.0
3264,欣銓,2019-04-03,1-999,31600.0,0.36,1793093.0
3264,欣銓,2019-04-03,"1,000-5,000",11416.0,4.84,23731790.0
3264,欣銓,2019-04-03,"10,001-15,000",906.0,2.21,10842960.0
3264,欣銓,2019-04-03,"100,001-200,000",115.0,3.37,16526769.0
3264,欣銓,2019-04-03,"15,001-20,000",403.0,1.49,7315741.0
3264,欣銓,2019-04-03,"20,001-30,000",409.0,2.03,9996600.0
3264,欣銓,2019-04-03,"200,001-400,000",74.0,4.23,20749607.0
3264,欣銓,2019-04-03,"30,001-40,000",178.0,1.28,6305778.0
3264,欣銓,2019-04-03,"40,001-50,000",110.0,1.02,5001653.0
3264,欣銓,2019-04-03,"400,001-600,000",30.0,3.08,15103677.0
3264,欣銓,2019-04-03,"5,001-10,000",2268.0,3.39,16626461.0
3264,欣銓,2019-04-03,"50,001-100,000",208.0,2.96,14560193.0
3264,欣銓,2019-04-03,"600,001-800,000",14.0,2.03,9999236.0
3264,欣銓,2019-04-03,"800,001-1,000,000",13.0,2.32,11389061.0
3264,欣銓,2019-04-03,"more than 1,000,001",72.0,65.34,320382557.0
3264,欣銓,2019-04-03,total,47816.0,100.0,490325176.0
3264,欣銓,2019-04-12,1-999,31612.0,0.36,1791213.0
3264,欣銓,2019-04-12,"1,000-5,000",11469.0,4.86,23876687.0
3264,欣銓,2019-04-12,"10,001-15,000",884.0,2.16,10600132.0
3264,欣銓,2019-04-12,"100,001-200,000",111.0,3.25,15974132.0
3264,欣銓,2019-04-12,"15,001-20,000",427.0,1.58,7756891.0
3264,欣銓,2019-04-12,"20,001-30,000",397.0,1.98,9726267.0
3264,欣銓,2019-04-12,"200,001-400,000",74.0,4.18,20527887.0
3264,欣銓,2019-04-12,"30,001-40,000",182.0,1.31,6470793.0
3264,欣銓,2019-04-12,"40,001-50,000",110.0,1.02,5046482.0
3264,欣銓,2019-04-12,"400,001-600,000",32.0,3.27,16051701.0
3264,欣銓,2019-04-12,"5,001-10,000",2279.0,3.41,16754370.0
3264,欣銓,2019-04-12,"50,001-100,000",208.0,2.95,14490723.0
3264,欣銓,2019-04-12,"600,001-800,000",13.0,1.84,9025599.0
3264,欣銓,2019-04-12,"800,001-1,000,000",13.0,2.35,11536674.0
3264,欣銓,2019-04-12,"more than 1,000,001",72.0,65.4,320695625.0
3264,欣銓,2019-04-12,total,47883.0,100.0,490325176.0
3264,欣銓,2019-04-19,1-999,31687.0,0.36,1799057.0
3264,欣銓,2019-04-19,"1,000-5,000",10842.0,4.59,22532176.0
3264,欣銓,2019-04-19,"10,001-15,000",853.0,2.07,10196874.0
3264,欣銓,2019-04-19,"100,001-200,000",113.0,3.33,16340333.0
3264,欣銓,2019-04-19,"15,001-20,000",402.0,1.48,7261427.0
3264,欣銓,2019-04-19,"20,001-30,000",388.0,1.95,9562287.0
3264,欣銓,2019-04-19,"200,001-400,000",72.0,4.07,19964139.0
3264,欣銓,2019-04-19,"30,001-40,000",166.0,1.19,5850482.0
3264,欣銓,2019-04-19,"40,001-50,000",109.0,1.01,4995866.0
3264,欣銓,2019-04-19,"400,001-600,000",30.0,3.1,15210464.0
3264,欣銓,2019-04-19,"5,001-10,000",2138.0,3.18,15632556.0
3264,欣銓,2019-04-19,"50,001-100,000",194.0,2.8,13766272.0
3264,欣銓,2019-04-19,"600,001-800,000",14.0,2.04,10030557.0
3264,欣銓,2019-04-19,"800,001-1,000,000",13.0,2.35,11550061.0
3264,欣銓,2019-04-19,"more than 1,000,001",71.0,66.41,325632625.0
3264,欣銓,2019-04-19,total,47092.0,100.0,490325176.0
3264,欣銓,2019-04-26,1-999,31656.0,0.36,1801090.0
3264,欣銓,2019-04-26,"1,000-5,000",10530.0,4.45,21824642.0
3264,欣銓,2019-04-26,"10,001-15,000",822.0,2.0,9830968.0
3264,欣銓,2019-04-26,"100,001-200,000",115.0,3.38,16580811.0
3264,欣銓,2019-04-26,"15,001-20,000",384.0,1.41,6946190.0
3264,欣銓,2019-04-26,"20,001-30,000",387.0,1.93,9508615.0
3264,欣銓,2019-04-26,"200,001-400,000",66.0,3.73,18304139.0
3264,欣銓,2019-04-26,"30,001-40,000",174.0,1.25,6132317.0
3264,欣銓,2019-04-26,"40,001-50,000",103.0,0.96,4714922.0
3264,欣銓,2019-04-26,"400,001-600,000",34.0,3.48,17093700.0
3264,欣銓,2019-04-26,"5,001-10,000",2088.0,3.1,15205981.0
3264,欣銓,2019-04-26,"50,001-100,000",194.0,2.78,13658794.0
3264,欣銓,2019-04-26,"600,001-800,000",13.0,1.92,9444356.0
3264,欣銓,2019-04-26,"800,001-1,000,000",12.0,2.17,10686205.0
3264,欣銓,2019-04-26,"more than 1,000,001",70.0,67.01,328592446.0
3264,欣銓,2019-04-26,total,46648.0,100.0,490325176.0
3264,欣銓,2019-05-03,1-999,31616.0,0.36,1799937.0
3264,欣銓,2019-05-03,"1,000-5,000",10551.0,4.45,21856538.0
3264,欣銓,2019-05-03,"10,001-15,000",821.0,2.0,9809051.0
3264,欣銓,2019-05-03,"100,001-200,000",109.0,3.17,15564211.0
3264,欣銓,2019-05-03,"15,001-20,000",387.0,1.42,7003805.0
3264,欣銓,2019-05-03,"20,001-30,000",396.0,1.97,9705914.0
3264,欣銓,2019-05-03,"200,001-400,000",67.0,3.74,18385139.0
3264,欣銓,2019-05-03,"30,001-40,000",180.0,1.29,6356609.0
3264,欣銓,2019-05-03,"40,001-50,000",106.0,0.98,4851817.0
3264,欣銓,2019-05-03,"400,001-600,000",31.0,3.22,15796107.0
3264,欣銓,2019-05-03,"5,001-10,000",2108.0,3.13,15371054.0
3264,欣銓,2019-05-03,"50,001-100,000",200.0,2.86,14067930.0
3264,欣銓,2019-05-03,"600,001-800,000",14.0,2.06,10148356.0
3264,欣銓,2019-05-03,"800,001-1,000,000",9.0,1.59,7840262.0
3264,欣銓,2019-05-03,"more than 1,000,001",73.0,67.66,331768446.0
3264,欣銓,2019-05-03,total,46668.0,100.0,490325176.0
3264,欣銓,2019-05-10,1-999,31519.0,0.36,1785619.0
3264,欣銓,2019-05-10,"1,000-5,000",10666.0,4.52,22165596.0
3264,欣銓,2019-05-10,"10,001-15,000",841.0,2.05,10055649.0
3264,欣銓,2019-05-10,"100,001-200,000",114.0,3.34,16404781.0
3264,欣銓,2019-05-10,"15,001-20,000",389.0,1.43,7029920.0
3264,欣銓,2019-05-10,"20,001-30,000",398.0,1.98,9726968.0
3264,欣銓,2019-05-10,"200,001-400,000",65.0,3.67,18032473.0
3264,欣銓,2019-05-10,"30,001-40,000",176.0,1.26,6193031.0
3264,欣銓,2019-05-10,"40,001-50,000",109.0,1.01,4998896.0
3264,欣銓,2019-05-10,"400,001-600,000",28.0,2.87,14097985.0
3264,欣銓,2019-05-10,"5,001-10,000",2151.0,3.2,15700857.0
3264,欣銓,2019-05-10,"50,001-100,000",197.0,2.8,13738957.0
3264,欣銓,2019-05-10,"600,001-800,000",14.0,2.03,9979612.0
3264,欣銓,2019-05-10,"800,001-1,000,000",10.0,1.77,8725207.0
3264,欣銓,2019-05-10,"more than 1,000,001",74.0,67.64,331689625.0
3264,欣銓,2019-05-10,total,46751.0,100.0,490325176.0
3264,欣銓,2019-05-17,1-999,31428.0,0.36,1775991.0
3264,欣銓,2019-05-17,"1,000-5,000",10841.0,4.62,22675058.0
3264,欣銓,2019-05-17,"10,001-15,000",855.0,2.09,10253395.0
3264,欣銓,2019-05-17,"100,001-200,000",113.0,3.27,16053408.0
3264,欣銓,2019-05-17,"15,001-20,000",399.0,1.47,7247095.0
3264,欣銓,2019-05-17,"20,001-30,000",412.0,2.05,10077102.0
3264,欣銓,2019-05-17,"200,001-400,000",65.0,3.64,17848880.0
3264,欣銓,2019-05-17,"30,001-40,000",176.0,1.26,6191191.0
3264,欣銓,2019-05-17,"40,001-50,000",103.0,0.96,4712455.0
3264,欣銓,2019-05-17,"400,001-600,000",28.0,2.91,14283985.0
3264,欣銓,2019-05-17,"5,001-10,000",2171.0,3.22,15796319.0
3264,欣銓,2019-05-17,"50,001-100,000",207.0,2.94,14454853.0
3264,欣銓,2019-05-17,"600,001-800,000",14.0,2.03,9954612.0
3264,欣銓,2019-05-17,"800,001-1,000,000",9.0,1.61,7926262.0
3264,欣銓,2019-05-17,"more than 1,000,001",75.0,67.52,331074570.0
3264,欣銓,2019-05-17,total,46896.0,100.0,490325176.0
3264,欣銓,2019-05-24,1-999,31352.0,0.36,1765652.0
3264,欣銓,2019-05-24,"1,000-5,000",11004.0,4.71,23125688.0
3264,欣銓,2019-05-24,"10,001-15,000",869.0,2.12,10443096.0
3264,欣銓,2019-05-24,"100,001-200,000",118.0,3.46,16978887.0
3264,欣銓,2019-05-24,"15,001-20,000",399.0,1.47,7241903.0
3264,欣銓,2019-05-24,"20,001-30,000",426.0,2.12,10407364.0
3264,欣銓,2019-05-24,"200,001-400,000",64.0,3.6,17677494.0
3264,欣銓,2019-05-24,"30,001-40,000",180.0,1.28,6308082.0
3264,欣銓,2019-05-24,"40,001-50,000",105.0,0.98,4810455.0
3264,欣銓,2019-05-24,"400,001-600,000",28.0,2.91,14302985.0
3264,欣銓,2019-05-24,"5,001-10,000",2257.0,3.36,16485922.0
3264,欣銓,2019-05-24,"50,001-100,000",213.0,3.03,14874627.0
3264,欣銓,2019-05-24,"600,001-800,000",16.0,2.29,11266791.0
3264,欣銓,2019-05-24,"800,001-1,000,000",9.0,1.63,8032284.0
3264,欣銓,2019-05-24,"more than 1,000,001",71.0,66.6,326603946.0
3264,欣銓,2019-05-24,total,47111.0,100.0,490325176.0
3264,欣銓,2019-05-31,1-999,31289.0,0.35,1757848.0
3264,欣銓,2019-05-31,"1,000-5,000",11154.0,4.78,23456583.0
3264,欣銓,2019-05-31,"10,001-15,000",883.0,2.16,10620846.0
3264,欣銓,2019-05-31,"100,001-200,000",124.0,3.62,17777665.0
3264,欣銓,2019-05-31,"15,001-20,000",412.0,1.52,7488902.0
3264,欣銓,2019-05-31,"20,001-30,000",439.0,2.18,10727432.0
3264,欣銓,2019-05-31,"200,001-400,000",63.0,3.52,17266514.0
3264,欣銓,2019-05-31,"30,001-40,000",182.0,1.3,6385023.0
3264,欣銓,2019-05-31,"40,001-50,000",110.0,1.02,5044735.0
3264,欣銓,2019-05-31,"400,001-600,000",28.0,2.91,14315521.0
3264,欣銓,2019-05-31,"5,001-10,000",2290.0,3.41,16736193.0
3264,欣銓,2019-05-31,"50,001-100,000",209.0,2.97,14589893.0
3264,欣銓,2019-05-31,"600,001-800,000",14.0,2.03,9963612.0
3264,欣銓,2019-05-31,"800,001-1,000,000",12.0,2.2,10799284.0
3264,欣銓,2019-05-31,"more than 1,000,001",69.0,65.95,323395125.0
3264,欣銓,2019-05-31,total,47278.0,100.0,490325176.0
3264,欣銓,2019-06-06,1-999,31243.0,0.35,1754206.0
3264,欣銓,2019-06-06,"1,000-5,000",11243.0,4.81,23585877.0
3264,欣銓,2019-06-06,"10,001-15,000",886.0,2.17,10664163.0
3264,欣銓,2019-06-06,"100,001-200,000",122.0,3.57,17531665.0
3264,欣銓,2019-06-06,"15,001-20,000",411.0,1.52,7466959.0
3264,欣銓,2019-06-06,"20,001-30,000",436.0,2.17,10652837.0
3264,欣銓,2019-06-06,"200,001-400,000",65.0,3.61,17734050.0
3264,欣銓,2019-06-06,"30,001-40,000",186.0,1.33,6530542.0
3264,欣銓,2019-06-06,"40,001-50,000",110.0,1.02,5027048.0
3264,欣銓,2019-06-06,"400,001-600,000",28.0,2.89,14216164.0
3264,欣銓,2019-06-06,"5,001-10,000",2300.0,3.43,16824643.0
3264,欣銓,2019-06-06,"50,001-100,000",214.0,3.05,14966180.0
3264,欣銓,2019-06-06,"600,001-800,000",14.0,2.03,9964612.0
3264,欣銓,2019-06-06,"800,001-1,000,000",11.0,1.99,9806284.0
3264,欣銓,2019-06-06,"more than 1,000,001",69.0,65.99,323599946.0
3264,欣銓,2019-06-06,total,47338.0,100.0,490325176.0
3264,欣銓,2019-06-14,1-999,31183.0,0.35,1752557.0
3264,欣銓,2019-06-14,"1,000-5,000",11308.0,4.83,23726967.0
3264,欣銓,2019-06-14,"10,001-15,000",897.0,2.2,10799780.0
3264,欣銓,2019-06-14,"100,001-200,000",122.0,3.56,17489191.0
3264,欣銓,2019-06-14,"15,001-20,000",408.0,1.51,7433959.0
3264,欣銓,2019-06-14,"20,001-30,000",441.0,2.19,10774052.0
3264,欣銓,2019-06-14,"200,001-400,000",65.0,3.65,17909847.0
3264,欣銓,2019-06-14,"30,001-40,000",186.0,1.33,6536625.0
3264,欣銓,2019-06-14,"40,001-50,000",111.0,1.03,5074378.0
3264,欣銓,2019-06-14,"400,001-600,000",27.0,2.82,13855164.0
3264,欣銓,2019-06-14,"5,001-10,000",2319.0,3.45,16962519.0
3264,欣銓,2019-06-14,"50,001-100,000",222.0,3.16,15495295.0
3264,欣銓,2019-06-14,"600,001-800,000",13.0,1.87,9206936.0
3264,欣銓,2019-06-14,"800,001-1,000,000",9.0,1.62,7967284.0
3264,欣銓,2019-06-14,"more than 1,000,001",70.0,66.35,325340622.0
3264,欣銓,2019-06-14,total,47381.0,100.0,490325176.0
3264,欣銓,2019-06-21,1-999,31151.0,0.35,1749775.0
3264,欣銓,2019-06-21,"1,000-5,000",11320.0,4.84,23756546.0
3264,欣銓,2019-06-21,"10,001-15,000",906.0,2.22,10921954.0
3264,欣銓,2019-06-21,"100,001-200,000",119.0,3.5,17191397.0
3264,欣銓,2019-06-21,"15,001-20,000",414.0,1.53,7529240.0
3264,欣銓,2019-06-21,"20,001-30,000",453.0,2.26,11116718.0
3264,欣銓,2019-06-21,"200,001-400,000",66.0,3.78,18559052.0
3264,欣銓,2019-06-21,"30,001-40,000",184.0,1.31,6460993.0
3264,欣銓,2019-06-21,"40,001-50,000",113.0,1.05,5166223.0
3264,欣銓,2019-06-21,"400,001-600,000",28.0,2.89,14170521.0
3264,欣銓,2019-06-21,"5,001-10,000",2314.0,3.45,16931490.0
3264,欣銓,2019-06-21,"50,001-100,000",219.0,3.14,15413680.0
3264,欣銓,2019-06-21,"600,001-800,000",11.0,1.6,7853502.0
3264,欣銓,2019-06-21,"800,001-1,000,000",11.0,2.0,9824495.0
3264,欣銓,2019-06-21,"more than 1,000,001",69.0,66.01,323679590.0
3264,欣銓,2019-06-21,total,47378.0,100.0,490325176.0
3264,欣銓,2019-06-28,1-999,31125.0,0.35,1746983.0
3264,欣銓,2019-06-28,"1,000-5,000",11495.0,4.9,24060894.0
3264,欣銓,2019-06-28,"10,001-15,000",910.0,2.23,10962306.0
3264,欣銓,2019-06-28,"100,001-200,000",121.0,3.56,17498397.0
3264,欣銓,2019-06-28,"15,001-20,000",418.0,1.55,7627263.0
3264,欣銓,2019-06-28,"20,001-30,000",448.0,2.24,10989618.0
3264,欣銓,2019-06-28,"200,001-400,000",64.0,3.65,17916109.0
3264,欣銓,2019-06-28,"30,001-40,000",187.0,1.33,6569688.0
3264,欣銓,2019-06-28,"40,001-50,000",112.0,1.04,5122826.0
3264,欣銓,2019-06-28,"400,001-600,000",29.0,3.01,14774464.0
3264,欣銓,2019-06-28,"5,001-10,000",2317.0,3.46,17007286.0
3264,欣銓,2019-06-28,"50,001-100,000",217.0,3.09,15167755.0
3264,欣銓,2019-06-28,"600,001-800,000",12.0,1.75,8627447.0
3264,欣銓,2019-06-28,"800,001-1,000,000",10.0,1.81,8906371.0
3264,欣銓,2019-06-28,"more than 1,000,001",69.0,65.94,323347769.0
3264,欣銓,2019-06-28,total,47534.0,100.0,490325176.0
3264,欣銓,2019-07-05,1-999,31112.0,0.35,1746342.0
3264,欣銓,2019-07-05,"1,000-5,000",11336.0,4.83,23725817.0
3264,欣銓,2019-07-05,"10,001-15,000",913.0,2.24,10993092.0
3264,欣銓,2019-07-05,"100,001-200,000",123.0,3.64,17867183.0
3264,欣銓,2019-07-05,"15,001-20,000",408.0,1.51,7429731.0
3264,欣銓,2019-07-05,"20,001-30,000",446.0,2.23,10943738.0
3264,欣銓,2019-07-05,"200,001-400,000",65.0,3.71,18223618.0
3264,欣銓,2019-07-05,"30,001-40,000",180.0,1.29,6340270.0
3264,欣銓,2019-07-05,"40,001-50,000",113.0,1.05,5180426.0
3264,欣銓,2019-07-05,"400,001-600,000",28.0,2.87,14104985.0
3264,欣銓,2019-07-05,"5,001-10,000",2310.0,3.45,16919332.0
3264,欣銓,2019-07-05,"50,001-100,000",218.0,3.11,15287055.0
3264,欣銓,2019-07-05,"600,001-800,000",13.0,1.88,9251502.0
3264,欣銓,2019-07-05,"800,001-1,000,000",10.0,1.8,8863550.0
3264,欣銓,2019-07-05,"more than 1,000,001",68.0,65.96,323448535.0
3264,欣銓,2019-07-05,total,47343.0,100.0,490325176.0
3264,欣銓,2019-07-12,1-999,31082.0,0.35,1739223.0
3264,欣銓,2019-07-12,"1,000-5,000",11217.0,4.8,23538370.0
3264,欣銓,2019-07-12,"10,001-15,000",899.0,2.2,10815163.0
3264,欣銓,2019-07-12,"100,001-200,000",120.0,3.59,17609077.0
3264,欣銓,2019-07-12,"15,001-20,000",415.0,1.54,7581466.0
3264,欣銓,2019-07-12,"20,001-30,000",435.0,2.16,10636671.0
3264,欣銓,2019-07-12,"200,001-400,000",63.0,3.6,17679211.0
3264,欣銓,2019-07-12,"30,001-40,000",179.0,1.28,6307798.0
3264,欣銓,2019-07-12,"40,001-50,000",115.0,1.07,5275426.0
3264,欣銓,2019-07-12,"400,001-600,000",29.0,3.0,14710928.0
3264,欣銓,2019-07-12,"5,001-10,000",2289.0,3.41,16742631.0
3264,欣銓,2019-07-12,"50,001-100,000",217.0,3.11,15293625.0
3264,欣銓,2019-07-12,"600,001-800,000",13.0,1.87,9176502.0
3264,欣銓,2019-07-12,"800,001-1,000,000",9.0,1.64,8088371.0
3264,欣銓,2019-07-12,"more than 1,000,001",70.0,66.3,325130714.0
3264,欣銓,2019-07-12,total,47152.0,100.0,490325176.0
3264,欣銓,2019-07-19,1-999,31069.0,0.35,1740956.0
3264,欣銓,2019-07-19,"1,000-5,000",11157.0,4.77,23404957.0
3264,欣銓,2019-07-19,"10,001-15,000",898.0,2.2,10794123.0
3264,欣銓,2019-07-19,"100,001-200,000",122.0,3.6,17672921.0
3264,欣銓,2019-07-19,"15,001-20,000",400.0,1.48,7283697.0
3264,欣銓,2019-07-19,"20,001-30,000",430.0,2.14,10508608.0
3264,欣銓,2019-07-19,"200,001-400,000",67.0,3.86,18929630.0
3264,欣銓,2019-07-19,"30,001-40,000",178.0,1.27,6245938.0
3264,欣銓,2019-07-19,"40,001-50,000",117.0,1.09,5376426.0
3264,欣銓,2019-07-19,"400,001-600,000",30.0,3.06,15021643.0
3264,欣銓,2019-07-19,"5,001-10,000",2266.0,3.38,16586844.0
3264,欣銓,2019-07-19,"50,001-100,000",213.0,3.05,15001025.0
3264,欣銓,2019-07-19,"600,001-800,000",12.0,1.7,8377502.0
3264,欣銓,2019-07-19,"800,001-1,000,000",9.0,1.65,8116618.0
3264,欣銓,2019-07-19,"more than 1,000,001",68.0,66.33,325264288.0
3264,欣銓,2019-07-19,total,47036.0,100.0,490325176.0
3264,欣銓,2019-07-26,1-999,31086.0,0.35,1746931.0
3264,欣銓,2019-07-26,"1,000-5,000",10872.0,4.61,22624964.0
3264,欣銓,2019-07-26,"10,001-15,000",858.0,2.09,10281364.0
3264,欣銓,2019-07-26,"100,001-200,000",119.0,3.55,17450419.0
3264,欣銓,2019-07-26,"15,001-20,000",401.0,1.48,7298519.0
3264,欣銓,2019-07-26,"20,001-30,000",410.0,2.04,10049697.0
3264,欣銓,2019-07-26,"200,001-400,000",70.0,4.04,19812472.0
3264,欣銓,2019-07-26,"30,001-40,000",186.0,1.33,6549915.0
3264,欣銓,2019-07-26,"40,001-50,000",105.0,0.98,4829874.0
3264,欣銓,2019-07-26,"400,001-600,000",26.0,2.71,13305812.0
3264,欣銓,2019-07-26,"5,001-10,000",2193.0,3.26,15992643.0
3264,欣銓,2019-07-26,"50,001-100,000",209.0,3.0,14730439.0
3264,欣銓,2019-07-26,"600,001-800,000",11.0,1.55,7646681.0
3264,欣銓,2019-07-26,"800,001-1,000,000",8.0,1.48,7273879.0
3264,欣銓,2019-07-26,"more than 1,000,001",71.0,67.45,330731567.0
3264,欣銓,2019-07-26,total,46625.0,100.0,490325176.0
3264,欣銓,2019-08-02,1-999,31032.0,0.35,1744663.0
3264,欣銓,2019-08-02,"1,000-5,000",10924.0,4.66,22866957.0
3264,欣銓,2019-08-02,"10,001-15,000",864.0,2.11,10361018.0
3264,欣銓,2019-08-02,"100,001-200,000",121.0,3.57,17546667.0
3264,欣銓,2019-08-02,"15,001-20,000",395.0,1.46,7166409.0
3264,欣銓,2019-08-02,"20,001-30,000",425.0,2.13,10469910.0
3264,欣銓,2019-08-02,"200,001-400,000",69.0,4.01,19709586.0
3264,欣銓,2019-08-02,"30,001-40,000",184.0,1.32,6473484.0
3264,欣銓,2019-08-02,"40,001-50,000",106.0,0.99,4859612.0
3264,欣銓,2019-08-02,"400,001-600,000",27.0,2.82,13844812.0
3264,欣銓,2019-08-02,"5,001-10,000",2243.0,3.34,16405632.0
3264,欣銓,2019-08-02,"50,001-100,000",212.0,3.03,14857299.0
3264,欣銓,2019-08-02,"600,001-800,000",11.0,1.56,7681681.0
3264,欣銓,2019-08-02,"800,001-1,000,000",8.0,1.52,7470547.0
3264,欣銓,2019-08-02,"more than 1,000,001",70.0,67.07,328866899.0
3264,欣銓,2019-08-02,total,46691.0,100.0,490325176.0
3264,欣銓,2019-08-08,1-999,31009.0,0.35,1741337.0
3264,欣銓,2019-08-08,"1,000-5,000",11104.0,4.76,23349774.0
3264,欣銓,2019-08-08,"10,001-15,000",883.0,2.16,10607797.0
3264,欣銓,2019-08-08,"100,001-200,000",119.0,3.56,17462667.0
3264,欣銓,2019-08-08,"15,001-20,000",404.0,1.49,7344746.0
3264,欣銓,2019-08-08,"20,001-30,000",436.0,2.19,10755490.0
3264,欣銓,2019-08-08,"200,001-400,000",69.0,3.94,19333586.0
3264,欣銓,2019-08-08,"30,001-40,000",185.0,1.32,6513084.0
3264,欣銓,2019-08-08,"40,001-50,000",110.0,1.03,5058213.0
3264,欣銓,2019-08-08,"400,001-600,000",25.0,2.6,12751445.0
3264,欣銓,2019-08-08,"5,001-10,000",2251.0,3.35,16453391.0
3264,欣銓,2019-08-08,"50,001-100,000",212.0,3.06,15037152.0
3264,欣銓,2019-08-08,"600,001-800,000",13.0,1.81,8910993.0
3264,欣銓,2019-08-08,"800,001-1,000,000",8.0,1.51,7431547.0
3264,欣銓,2019-08-08,"more than 1,000,001",69.0,66.8,327573954.0
3264,欣銓,2019-08-08,total,46897.0,100.0,490325176.0
3264,欣銓,2019-08-16,1-999,30951.0,0.35,1736965.0
3264,欣銓,2019-08-16,"1,000-5,000",11279.0,4.85,23799378.0
3264,欣銓,2019-08-16,"10,001-15,000",890.0,2.18,10712845.0
3264,欣銓,2019-08-16,"100,001-200,000",120.0,3.59,17621371.0
3264,欣銓,2019-08-16,"15,001-20,000",414.0,1.53,7532879.0
3264,欣銓,2019-08-16,"20,001-30,000",434.0,2.17,10664668.0
3264,欣銓,2019-08-16,"200,001-400,000",70.0,3.94,19342984.0
3264,欣銓,2019-08-16,"30,001-40,000",190.0,1.36,6708361.0
3264,欣銓,2019-08-16,"40,001-50,000",112.0,1.04,5130562.0
3264,欣銓,2019-08-16,"400,001-600,000",27.0,2.83,13890812.0
3264,欣銓,2019-08-16,"5,001-10,000",2315.0,3.46,17000724.0
3264,欣銓,2019-08-16,"50,001-100,000",219.0,3.17,15588500.0
3264,欣銓,2019-08-16,"600,001-800,000",10.0,1.42,6970447.0
3264,欣銓,2019-08-16,"800,001-1,000,000",9.0,1.63,8038726.0
3264,欣銓,2019-08-16,"more than 1,000,001",69.0,66.4,325585954.0
3264,欣銓,2019-08-16,total,47109.0,100.0,490325176.0
3264,欣銓,2019-08-23,1-999,30902.0,0.35,1728337.0
3264,欣銓,2019-08-23,"1,000-5,000",11402.0,4.9,24073018.0
3264,欣銓,2019-08-23,"10,001-15,000",902.0,2.21,10865234.0
3264,欣銓,2019-08-23,"100,001-200,000",114.0,3.37,16556371.0
3264,欣銓,2019-08-23,"15,001-20,000",419.0,1.55,7612422.0
3264,欣銓,2019-08-23,"20,001-30,000",442.0,2.22,10888602.0
3264,欣銓,2019-08-23,"200,001-400,000",75.0,4.23,20767796.0
3264,欣銓,2019-08-23,"30,001-40,000",188.0,1.35,6621807.0
3264,欣銓,2019-08-23,"40,001-50,000",115.0,1.07,5286127.0
3264,欣銓,2019-08-23,"400,001-600,000",25.0,2.61,12844445.0
3264,欣銓,2019-08-23,"5,001-10,000",2359.0,3.53,17314145.0
3264,欣銓,2019-08-23,"50,001-100,000",225.0,3.26,16011924.0
3264,欣銓,2019-08-23,"600,001-800,000",10.0,1.42,6998447.0
3264,欣銓,2019-08-23,"800,001-1,000,000",8.0,1.51,7407778.0
3264,欣銓,2019-08-23,"more than 1,000,001",68.0,66.35,325348723.0
3264,欣銓,2019-08-23,total,47254.0,100.0,490325176.0
3264,欣銓,2019-08-30,1-999,30825.0,0.35,1721211.0
3264,欣銓,2019-08-30,"1,000-5,000",11633.0,5.01,24600685.0
3264,欣銓,2019-08-30,"10,001-15,000",925.0,2.27,11147442.0
3264,欣銓,2019-08-30,"100,001-200,000",122.0,3.58,17602315.0
3264,欣銓,2019-08-30,"15,001-20,000",434.0,1.6,7890584.0
3264,欣銓,2019-08-30,"20,001-30,000",447.0,2.24,11002637.0
3264,欣銓,2019-08-30,"200,001-400,000",72.0,4.05,19890432.0
3264,欣銓,2019-08-30,"30,001-40,000",199.0,1.43,7046441.0
3264,欣銓,2019-08-30,"40,001-50,000",118.0,1.1,5422351.0
3264,欣銓,2019-08-30,"400,001-600,000",25.0,2.58,12663390.0
3264,欣銓,2019-08-30,"5,001-10,000",2427.0,3.64,17854082.0
3264,欣銓,2019-08-30,"50,001-100,000",227.0,3.26,16012603.0
3264,欣銓,2019-08-30,"600,001-800,000",12.0,1.68,8261320.0
3264,欣銓,2019-08-30,"800,001-1,000,000",8.0,1.49,7341778.0
3264,欣銓,2019-08-30,"more than 1,000,001",65.0,65.64,321867905.0
3264,欣銓,2019-08-30,total,47539.0,100.0,490325176.0
3264,欣銓,2019-09-06,1-999,30791.0,0.35,1718949.0
3264,欣銓,2019-09-06,"1,000-5,000",11823.0,5.11,25099573.0
3264,欣銓,2019-09-06,"10,001-15,000",945.0,2.32,11400963.0
3264,欣銓,2019-09-06,"100,001-200,000",123.0,3.64,17884731.0
3264,欣銓,2019-09-06,"15,001-20,000",444.0,1.64,8082572.0
3264,欣銓,2019-09-06,"20,001-30,000",454.0,2.28,11192753.0
3264,欣銓,2019-09-06,"200,001-400,000",71.0,4.03,19776820.0
3264,欣銓,2019-09-06,"30,001-40,000",190.0,1.36,6703440.0
3264,欣銓,2019-09-06,"40,001-50,000",120.0,1.12,5509266.0
3264,欣銓,2019-09-06,"400,001-600,000",25.0,2.6,12749390.0
3264,欣銓,2019-09-06,"5,001-10,000",2443.0,3.67,18020657.0
3264,欣銓,2019-09-06,"50,001-100,000",234.0,3.34,16398419.0
3264,欣銓,2019-09-06,"600,001-800,000",12.0,1.69,8313681.0
3264,欣銓,2019-09-06,"800,001-1,000,000",7.0,1.3,6415547.0
3264,欣銓,2019-09-06,"more than 1,000,001",66.0,65.47,320992415.0
3264,欣銓,2019-09-06,total,47748.0,100.0,490259176.0
3264,欣銓,2019-09-12,1-999,30754.0,0.34,1714141.0
3264,欣銓,2019-09-12,"1,000-5,000",11794.0,5.09,24972315.0
3264,欣銓,2019-09-12,"10,001-15,000",948.0,2.33,11426531.0
3264,欣銓,2019-09-12,"100,001-200,000",122.0,3.63,17832731.0
3264,欣銓,2019-09-12,"15,001-20,000",445.0,1.64,8088671.0
3264,欣銓,2019-09-12,"20,001-30,000",455.0,2.28,11219545.0
3264,欣銓,2019-09-12,"200,001-400,000",70.0,3.96,19431284.0
3264,欣銓,2019-09-12,"30,001-40,000",191.0,1.37,6736640.0
3264,欣銓,2019-09-12,"40,001-50,000",119.0,1.11,5446266.0
3264,欣銓,2019-09-12,"400,001-600,000",26.0,2.7,13240569.0
3264,欣銓,2019-09-12,"5,001-10,000",2444.0,3.67,18030064.0
3264,欣銓,2019-09-12,"50,001-100,000",233.0,3.35,16443419.0
3264,欣銓,2019-09-12,"600,001-800,000",12.0,1.7,8340869.0
3264,欣銓,2019-09-12,"800,001-1,000,000",6.0,1.12,5529716.0
3264,欣銓,2019-09-12,"more than 1,000,001",66.0,65.64,321806415.0
3264,欣銓,2019-09-12,total,47685.0,100.0,490259176.0
3264,欣銓,2019-09-20,1-999,30699.0,0.34,1707006.0
3264,欣銓,2019-09-20,"1,000-5,000",12145.0,5.23,25673640.0
3264,欣銓,2019-09-20,"10,001-15,000",939.0,2.31,11327474.0
3264,欣銓,2019-09-20,"100,001-200,000",119.0,3.57,17550591.0
3264,欣銓,2019-09-20,"15,001-20,000",453.0,1.68,8261366.0
3264,欣銓,2019-09-20,"20,001-30,000",453.0,2.28,11192001.0
3264,欣銓,2019-09-20,"200,001-400,000",69.0,3.93,19277284.0
3264,欣銓,2019-09-20,"30,001-40,000",188.0,1.35,6629570.0
3264,欣銓,2019-09-20,"40,001-50,000",127.0,1.18,5830129.0
3264,欣銓,2019-09-20,"400,001-600,000",25.0,2.58,12692390.0
3264,欣銓,2019-09-20,"5,001-10,000",2476.0,3.74,18381304.0
3264,欣銓,2019-09-20,"50,001-100,000",237.0,3.42,16769759.0
3264,欣銓,2019-09-20,"600,001-800,000",13.0,1.83,8985531.0
3264,欣銓,2019-09-20,"800,001-1,000,000",8.0,1.52,7458937.0
3264,欣銓,2019-09-20,"more than 1,000,001",63.0,64.97,318522194.0
3264,欣銓,2019-09-20,total,48014.0,100.0,490259176.0
3264,欣銓,2019-09-27,1-999,30648.0,0.34,1707417.0
3264,欣銓,2019-09-27,"1,000-5,000",12007.0,5.16,25302265.0
3264,欣銓,2019-09-27,"10,001-15,000",935.0,2.29,11254359.0
3264,欣銓,2019-09-27,"100,001-200,000",124.0,3.69,18116078.0
3264,欣銓,2019-09-27,"15,001-20,000",453.0,1.68,8275230.0
3264,欣銓,2019-09-27,"20,001-30,000",454.0,2.28,11197751.0
3264,欣銓,2019-09-27,"200,001-400,000",70.0,4.03,19779967.0
3264,欣銓,2019-09-27,"30,001-40,000",186.0,1.33,6552741.0
3264,欣銓,2019-09-27,"40,001-50,000",122.0,1.13,5583736.0
3264,欣銓,2019-09-27,"400,001-600,000",26.0,2.71,13288519.0
3264,欣銓,2019-09-27,"5,001-10,000",2449.0,3.69,18113653.0
3264,欣銓,2019-09-27,"50,001-100,000",228.0,3.25,15951817.0
3264,欣銓,2019-09-27,"600,001-800,000",12.0,1.65,8115512.0
3264,欣銓,2019-09-27,"800,001-1,000,000",7.0,1.3,6393937.0
3264,欣銓,2019-09-27,"more than 1,000,001",63.0,65.39,320626194.0
3264,欣銓,2019-09-27,total,47784.0,100.0,490259176.0
3264,欣銓,2019-10-05,1-999,30606.0,0.34,1702364.0
3264,欣銓,2019-10-05,"1,000-5,000",11995.0,5.17,25361191.0
3264,欣銓,2019-10-05,"10,001-15,000",938.0,2.3,11311689.0
3264,欣銓,2019-10-05,"100,001-200,000",127.0,3.75,18402298.0
3264,欣銓,2019-10-05,"15,001-20,000",442.0,1.64,8074625.0
3264,欣銓,2019-10-05,"20,001-30,000",455.0,2.28,11190068.0
3264,欣銓,2019-10-05,"200,001-400,000",68.0,3.89,19083847.0
3264,欣銓,2019-10-05,"30,001-40,000",186.0,1.33,6535756.0
3264,欣銓,2019-10-05,"40,001-50,000",125.0,1.17,5738468.0
3264,欣銓,2019-10-05,"400,001-600,000",27.0,2.78,13655519.0
3264,欣銓,2019-10-05,"5,001-10,000",2439.0,3.67,18000543.0
3264,欣銓,2019-10-05,"50,001-100,000",233.0,3.29,16162255.0
3264,欣銓,2019-10-05,"600,001-800,000",13.0,1.83,8975512.0
3264,欣銓,2019-10-05,"800,001-1,000,000",6.0,1.11,5474937.0
3264,欣銓,2019-10-05,"more than 1,000,001",63.0,65.39,320590104.0
3264,欣銓,2019-10-05,total,47723.0,100.0,490259176.0
3264,欣銓,2019-10-09,1-999,30588.0,0.34,1700284.0
3264,欣銓,2019-10-09,"1,000-5,000",12000.0,5.18,25395487.0
3264,欣銓,2019-10-09,"10,001-15,000",940.0,2.31,11342439.0
3264,欣銓,2019-10-09,"100,001-200,000",126.0,3.75,18403298.0
3264,欣銓,2019-10-09,"15,001-20,000",443.0,1.65,8092625.0
3264,欣銓,2019-10-09,"20,001-30,000",461.0,2.31,11371319.0
3264,欣銓,2019-10-09,"200,001-400,000",67.0,3.83,18820828.0
3264,欣銓,2019-10-09,"30,001-40,000",187.0,1.33,6557366.0
3264,欣銓,2019-10-09,"40,001-50,000",120.0,1.12,5499107.0
3264,欣銓,2019-10-09,"400,001-600,000",27.0,2.77,13606519.0
3264,欣銓,2019-10-09,"5,001-10,000",2437.0,3.66,17966077.0
3264,欣銓,2019-10-09,"50,001-100,000",236.0,3.33,16326255.0
3264,欣銓,2019-10-09,"600,001-800,000",14.0,1.97,9667752.0
3264,欣銓,2019-10-09,"800,001-1,000,000",6.0,1.11,5473716.0
3264,欣銓,2019-10-09,"more than 1,000,001",63.0,65.27,320036104.0
3264,欣銓,2019-10-09,total,47715.0,100.0,490259176.0
3264,欣銓,2019-10-18,1-999,30547.0,0.34,1694896.0
3264,欣銓,2019-10-18,"1,000-5,000",12043.0,5.19,25491039.0
3264,欣銓,2019-10-18,"10,001-15,000",952.0,2.34,11493444.0
3264,欣銓,2019-10-18,"100,001-200,000",131.0,3.86,18961541.0
3264,欣銓,2019-10-18,"15,001-20,000",450.0,1.67,8211142.0
3264,欣銓,2019-10-18,"20,001-30,000",458.0,2.29,11240037.0
3264,欣銓,2019-10-18,"200,001-400,000",67.0,3.86,18936931.0
3264,欣銓,2019-10-18,"30,001-40,000",196.0,1.4,6893865.0
3264,欣銓,2019-10-18,"40,001-50,000",120.0,1.12,5491231.0
3264,欣銓,2019-10-18,"400,001-600,000",24.0,2.48,12170960.0
3264,欣銓,2019-10-18,"5,001-10,000",2460.0,3.7,18174140.0
3264,欣銓,2019-10-18,"50,001-100,000",238.0,3.36,16511884.0
3264,欣銓,2019-10-18,"600,001-800,000",13.0,1.84,9053246.0
3264,欣銓,2019-10-18,"800,001-1,000,000",7.0,1.32,6503947.0
3264,欣銓,2019-10-18,"more than 1,000,001",64.0,65.15,319430873.0
3264,欣銓,2019-10-18,total,47770.0,100.0,490259176.0
3264,欣銓,2019-10-25,1-999,30510.0,0.34,1689913.0
3264,欣銓,2019-10-25,"1,000-5,000",12168.0,5.26,25832826.0
3264,欣銓,2019-10-25,"10,001-15,000",946.0,2.32,11391177.0
3264,欣銓,2019-10-25,"100,001-200,000",133.0,3.93,19274466.0
3264,欣銓,2019-10-25,"15,001-20,000",462.0,1.71,8432343.0
3264,欣銓,2019-10-25,"20,001-30,000",466.0,2.33,11463389.0
3264,欣銓,2019-10-25,"200,001-400,000",66.0,3.83,18815006.0
3264,欣銓,2019-10-25,"30,001-40,000",195.0,1.39,6859252.0
3264,欣銓,2019-10-25,"40,001-50,000",121.0,1.13,5544757.0
3264,欣銓,2019-10-25,"400,001-600,000",22.0,2.28,11224960.0
3264,欣銓,2019-10-25,"5,001-10,000",2478.0,3.74,18370996.0
3264,欣銓,2019-10-25,"50,001-100,000",234.0,3.31,16255025.0
3264,欣銓,2019-10-25,"600,001-800,000",14.0,1.98,9733246.0
3264,欣銓,2019-10-25,"800,001-1,000,000",8.0,1.5,7362226.0
3264,欣銓,2019-10-25,"more than 1,000,001",63.0,64.86,318009594.0
3264,欣銓,2019-10-25,total,47886.0,100.0,490259176.0
3264,欣銓,2019-11-01,1-999,30474.0,0.34,1683976.0
3264,欣銓,2019-11-01,"1,000-5,000",12247.0,5.27,25879061.0
3264,欣銓,2019-11-01,"10,001-15,000",936.0,2.29,11273791.0
3264,欣銓,2019-11-01,"100,001-200,000",133.0,3.93,19291105.0
3264,欣銓,2019-11-01,"15,001-20,000",457.0,1.7,8359295.0
3264,欣銓,2019-11-01,"20,001-30,000",459.0,2.31,11325803.0
3264,欣銓,2019-11-01,"200,001-400,000",68.0,4.02,19729285.0
3264,欣銓,2019-11-01,"30,001-40,000",200.0,1.44,7069402.0
3264,欣銓,2019-11-01,"40,001-50,000",127.0,1.18,5832429.0
3264,欣銓,2019-11-01,"400,001-600,000",22.0,2.27,11171960.0
3264,欣銓,2019-11-01,"5,001-10,000",2485.0,3.75,18430740.0
3264,欣銓,2019-11-01,"50,001-100,000",234.0,3.33,16374542.0
3264,欣銓,2019-11-01,"600,001-800,000",15.0,2.13,10482996.0
3264,欣銓,2019-11-01,"800,001-1,000,000",7.0,1.35,6632378.0
3264,欣銓,2019-11-01,"more than 1,000,001",62.0,64.6,316722413.0
3264,欣銓,2019-11-01,total,47926.0,100.0,490259176.0
3264,欣銓,2019-11-08,1-999,30433.0,0.34,1677461.0
3264,欣銓,2019-11-08,"1,000-5,000",12217.0,5.26,25819104.0
3264,欣銓,2019-11-08,"10,001-15,000",935.0,2.29,11259164.0
3264,欣銓,2019-11-08,"100,001-200,000",138.0,4.09,20080547.0
3264,欣銓,2019-11-08,"15,001-20,000",456.0,1.69,8333250.0
3264,欣銓,2019-11-08,"20,001-30,000",467.0,2.34,11510486.0
3264,欣銓,2019-11-08,"200,001-400,000",67.0,3.98,19530006.0
3264,欣銓,2019-11-08,"30,001-40,000",201.0,1.45,7125602.0
3264,欣銓,2019-11-08,"40,001-50,000",128.0,1.19,5877227.0
3264,欣銓,2019-11-08,"400,001-600,000",22.0,2.3,11309015.0
3264,欣銓,2019-11-08,"5,001-10,000",2493.0,3.76,18476922.0
3264,欣銓,2019-11-08,"50,001-100,000",242.0,3.45,16937660.0
3264,欣銓,2019-11-08,"600,001-800,000",14.0,1.98,9729762.0
3264,欣銓,2019-11-08,"800,001-1,000,000",8.0,1.55,7604408.0
3264,欣銓,2019-11-08,"more than 1,000,001",62.0,64.24,314988562.0
3264,欣銓,2019-11-08,total,47883.0,100.0,490259176.0
3264,欣銓,2019-11-15,1-999,30377.0,0.34,1670277.0
3264,欣銓,2019-11-15,"1,000-5,000",12324.0,5.32,26122263.0
3264,欣銓,2019-11-15,"10,001-15,000",949.0,2.33,11448530.0
3264,欣銓,2019-11-15,"100,001-200,000",138.0,4.08,20021249.0
3264,欣銓,2019-11-15,"15,001-20,000",466.0,1.73,8517894.0
3264,欣銓,2019-11-15,"20,001-30,000",461.0,2.3,11294338.0
3264,欣銓,2019-11-15,"200,001-400,000",66.0,3.94,19354006.0
3264,欣銓,2019-11-15,"30,001-40,000",203.0,1.46,7178871.0
3264,欣銓,2019-11-15,"40,001-50,000",138.0,1.29,6342271.0
3264,欣銓,2019-11-15,"400,001-600,000",23.0,2.41,11826047.0
3264,欣銓,2019-11-15,"5,001-10,000",2515.0,3.8,18659844.0
3264,欣銓,2019-11-15,"50,001-100,000",245.0,3.51,17235886.0
3264,欣銓,2019-11-15,"600,001-800,000",13.0,1.84,9052730.0
3264,欣銓,2019-11-15,"800,001-1,000,000",9.0,1.72,8467229.0
3264,欣銓,2019-11-15,"more than 1,000,001",61.0,63.85,313067741.0
3264,欣銓,2019-11-15,total,47988.0,100.0,490259176.0
3264,欣銓,2019-11-22,1-999,30347.0,0.33,1665833.0
3264,欣銓,2019-11-22,"1,000-5,000",12360.0,5.34,26199042.0
3264,欣銓,2019-11-22,"10,001-15,000",947.0,2.32,11420964.0
3264,欣銓,2019-11-22,"100,001-200,000",142.0,4.18,20513678.0
3264,欣銓,2019-11-22,"15,001-20,000",464.0,1.72,8480017.0
3264,欣銓,2019-11-22,"20,001-30,000",460.0,2.3,11294397.0
3264,欣銓,2019-11-22,"200,001-400,000",69.0,4.13,20267006.0
3264,欣銓,2019-11-22,"30,001-40,000",205.0,1.47,7254457.0
3264,欣銓,2019-11-22,"40,001-50,000",132.0,1.23,6068643.0
3264,欣銓,2019-11-22,"400,001-600,000",25.0,2.61,12812992.0
3264,欣銓,2019-11-22,"5,001-10,000",2513.0,3.8,18663359.0
3264,欣銓,2019-11-22,"50,001-100,000",245.0,3.49,17135033.0
3264,欣銓,2019-11-22,"600,001-800,000",13.0,1.88,9231785.0
3264,欣銓,2019-11-22,"800,001-1,000,000",7.0,1.35,6641408.0
3264,欣銓,2019-11-22,"more than 1,000,001",60.0,63.76,312610562.0
3264,欣銓,2019-11-22,total,47989.0,100.0,490259176.0
3264,欣銓,2019-11-29,1-999,30309.0,0.33,1662934.0
3264,欣銓,2019-11-29,"1,000-5,000",12396.0,5.36,26302697.0
3264,欣銓,2019-11-29,"10,001-15,000",944.0,2.32,11400143.0
3264,欣銓,2019-11-29,"100,001-200,000",142.0,4.16,20406990.0
3264,欣銓,2019-11-29,"15,001-20,000",467.0,1.74,8542239.0
3264,欣銓,2019-11-29,"20,001-30,000",466.0,2.33,11440283.0
3264,欣銓,2019-11-29,"200,001-400,000",69.0,4.09,20068156.0
3264,欣銓,2019-11-29,"30,001-40,000",204.0,1.47,7228597.0
3264,欣銓,2019-11-29,"40,001-50,000",129.0,1.21,5940879.0
3264,欣銓,2019-11-29,"400,001-600,000",26.0,2.72,13369992.0
3264,欣銓,2019-11-29,"5,001-10,000",2524.0,3.82,18760107.0
3264,欣銓,2019-11-29,"50,001-100,000",240.0,3.42,16792439.0
3264,欣銓,2019-11-29,"600,001-800,000",13.0,1.89,9285064.0
3264,欣銓,2019-11-29,"800,001-1,000,000",6.0,1.15,5659229.0
3264,欣銓,2019-11-29,"more than 1,000,001",60.0,63.92,313399427.0
3264,欣銓,2019-11-29,total,47995.0,100.0,490259176.0
3264,欣銓,2019-12-06,1-999,30279.0,0.33,1661312.0
3264,欣銓,2019-12-06,"1,000-5,000",12387.0,5.36,26299641.0
3264,欣銓,2019-12-06,"10,001-15,000",948.0,2.33,11449814.0
3264,欣銓,2019-12-06,"100,001-200,000",139.0,4.11,20153001.0
3264,欣銓,2019-12-06,"15,001-20,000",469.0,1.74,8575036.0
3264,欣銓,2019-12-06,"20,001-30,000",463.0,2.31,11365833.0
3264,欣銓,2019-12-06,"200,001-400,000",66.0,3.89,19084514.0
3264,欣銓,2019-12-06,"30,001-40,000",210.0,1.51,7444775.0
3264,欣銓,2019-12-06,"40,001-50,000",132.0,1.23,6077701.0
3264,欣銓,2019-12-06,"400,001-600,000",28.0,2.89,14171464.0
3264,欣銓,2019-12-06,"5,001-10,000",2521.0,3.82,18728726.0
3264,欣銓,2019-12-06,"50,001-100,000",240.0,3.43,16859694.0
3264,欣銓,2019-12-06,"600,001-800,000",13.0,1.86,9140730.0
3264,欣銓,2019-12-06,"800,001-1,000,000",7.0,1.35,6620508.0
3264,欣銓,2019-12-06,"more than 1,000,001",60.0,63.76,312626427.0
3264,欣銓,2019-12-06,total,47962.0,100.0,490259176.0
3264,欣銓,2019-12-13,1-999,30244.0,0.33,1659410.0
3264,欣銓,2019-12-13,"1,000-5,000",12228.0,5.29,25952346.0
3264,欣銓,2019-12-13,"10,001-15,000",953.0,2.35,11528072.0
3264,欣銓,2019-12-13,"100,001-200,000",135.0,3.99,19562602.0
3264,欣銓,2019-12-13,"15,001-20,000",454.0,1.69,8317096.0
3264,欣銓,2019-12-13,"20,001-30,000",456.0,2.27,11175749.0
3264,欣銓,2019-12-13,"200,001-400,000",69.0,4.05,19885014.0
3264,欣銓,2019-12-13,"30,001-40,000",205.0,1.48,7277461.0
3264,欣銓,2019-12-13,"40,001-50,000",133.0,1.25,6155701.0
3264,欣銓,2019-12-13,"400,001-600,000",25.0,2.6,12774464.0
3264,欣銓,2019-12-13,"5,001-10,000",2468.0,3.73,18313503.0
3264,欣銓,2019-12-13,"50,001-100,000",233.0,3.29,16164093.0
3264,欣銓,2019-12-13,"600,001-800,000",15.0,2.12,10408730.0
3264,欣銓,2019-12-13,"800,001-1,000,000",7.0,1.35,6623229.0
3264,欣銓,2019-12-13,"more than 1,000,001",61.0,64.14,314461706.0
3264,欣銓,2019-12-13,total,47686.0,100.0,490259176.0
3264,欣銓,2019-12-20,1-999,30293.0,0.33,1665938.0
3264,欣銓,2019-12-20,"1,000-5,000",11958.0,5.11,25095028.0
3264,欣銓,2019-12-20,"10,001-15,000",932.0,2.29,11261590.0
3264,欣銓,2019-12-20,"100,001-200,000",127.0,3.79,18613942.0
3264,欣銓,2019-12-20,"15,001-20,000",423.0,1.57,7732566.0
3264,欣銓,2019-12-20,"20,001-30,000",434.0,2.18,10697883.0
3264,欣銓,2019-12-20,"200,001-400,000",73.0,4.27,20944227.0
3264,欣銓,2019-12-20,"30,001-40,000",199.0,1.42,7004753.0
3264,欣銓,2019-12-20,"40,001-50,000",116.0,1.09,5352123.0
3264,欣銓,2019-12-20,"400,001-600,000",31.0,3.27,16033887.0
3264,欣銓,2019-12-20,"5,001-10,000",2341.0,3.52,17265908.0
3264,欣銓,2019-12-20,"50,001-100,000",226.0,3.19,15686465.0
3264,欣銓,2019-12-20,"600,001-800,000",15.0,2.13,10448554.0
3264,欣銓,2019-12-20,"800,001-1,000,000",7.0,1.32,6519229.0
3264,欣銓,2019-12-20,"more than 1,000,001",61.0,64.44,315937083.0
3264,欣銓,2019-12-20,total,47236.0,100.0,490259176.0
3264,欣銓,2019-12-27,1-999,30300.0,0.34,1668590.0
3264,欣銓,2019-12-27,"1,000-5,000",11696.0,4.99,24500185.0
3264,欣銓,2019-12-27,"10,001-15,000",884.0,2.16,10598665.0
3264,欣銓,2019-12-27,"100,001-200,000",136.0,4.03,19795367.0
3264,欣銓,2019-12-27,"15,001-20,000",413.0,1.53,7526796.0
3264,欣銓,2019-12-27,"20,001-30,000",438.0,2.2,10819565.0
3264,欣銓,2019-12-27,"200,001-400,000",70.0,4.08,20038352.0
3264,欣銓,2019-12-27,"30,001-40,000",188.0,1.33,6569051.0
3264,欣銓,2019-12-27,"40,001-50,000",115.0,1.08,5301553.0
3264,欣銓,2019-12-27,"400,001-600,000",28.0,2.91,14295143.0
3264,欣銓,2019-12-27,"5,001-10,000",2257.0,3.39,16657894.0
3264,欣銓,2019-12-27,"50,001-100,000",208.0,2.96,14560405.0
3264,欣銓,2019-12-27,"600,001-800,000",19.0,2.63,12904298.0
3264,欣銓,2019-12-27,"800,001-1,000,000",7.0,1.31,6436229.0
3264,欣銓,2019-12-27,"more than 1,000,001",61.0,64.98,318587083.0
3264,欣銓,2019-12-27,total,46820.0,100.0,490259176.0
3264,欣銓,2020-01-03,1-999,30261.0,0.33,1660552.0
3264,欣銓,2020-01-03,"1,000-5,000",11883.0,5.07,24867695.0
3264,欣銓,2020-01-03,"10,001-15,000",885.0,2.16,10623879.0
3264,欣銓,2020-01-03,"100,001-200,000",134.0,3.98,19536167.0
3264,欣銓,2020-01-03,"15,001-20,000",411.0,1.52,7479297.0
3264,欣銓,2020-01-03,"20,001-30,000",435.0,2.19,10751425.0
3264,欣銓,2020-01-03,"200,001-400,000",67.0,3.9,19125352.0
3264,欣銓,2020-01-03,"30,001-40,000",194.0,1.38,6779278.0
3264,欣銓,2020-01-03,"40,001-50,000",113.0,1.05,5191846.0
3264,欣銓,2020-01-03,"400,001-600,000",32.0,3.31,16229855.0
3264,欣銓,2020-01-03,"5,001-10,000",2243.0,3.38,16580973.0
3264,欣銓,2020-01-03,"50,001-100,000",218.0,3.12,15334759.0
3264,欣銓,2020-01-03,"600,001-800,000",16.0,2.22,10905586.0
3264,欣銓,2020-01-03,"800,001-1,000,000",7.0,1.31,6450229.0
3264,欣銓,2020-01-03,"more than 1,000,001",62.0,65.01,318742283.0
3264,欣銓,2020-01-03,total,46961.0,100.0,490259176.0
3264,欣銓,2020-01-10,1-999,30210.0,0.33,1653060.0
3264,欣銓,2020-01-10,"1,000-5,000",11928.0,5.1,25017378.0
3264,欣銓,2020-01-10,"10,001-15,000",899.0,2.2,10802368.0
3264,欣銓,2020-01-10,"100,001-200,000",138.0,4.15,20379967.0
3264,欣銓,2020-01-10,"15,001-20,000",431.0,1.6,7859224.0
3264,欣銓,2020-01-10,"20,001-30,000",438.0,2.2,10792182.0
3264,欣銓,2020-01-10,"200,001-400,000",64.0,3.71,18205352.0
3264,欣銓,2020-01-10,"30,001-40,000",196.0,1.4,6867238.0
3264,欣銓,2020-01-10,"40,001-50,000",109.0,1.02,5002914.0
3264,欣銓,2020-01-10,"400,001-600,000",30.0,3.12,15343143.0
3264,欣銓,2020-01-10,"5,001-10,000",2278.0,3.42,16815034.0
3264,欣銓,2020-01-10,"50,001-100,000",225.0,3.21,15773506.0
3264,欣銓,2020-01-10,"600,001-800,000",16.0,2.24,10982119.0
3264,欣銓,2020-01-10,"800,001-1,000,000",8.0,1.49,7328408.0
3264,欣銓,2020-01-10,"more than 1,000,001",62.0,64.74,317437283.0
3264,欣銓,2020-01-10,total,47032.0,100.0,490259176.0
3264,欣銓,2020-01-17,1-999,30160.0,0.33,1646241.0
3264,欣銓,2020-01-17,"1,000-5,000",11919.0,5.1,25026877.0
3264,欣銓,2020-01-17,"10,001-15,000",903.0,2.21,10840628.0
3264,欣銓,2020-01-17,"100,001-200,000",137.0,4.1,20106771.0
3264,欣銓,2020-01-17,"15,001-20,000",436.0,1.62,7952741.0
3264,欣銓,2020-01-17,"20,001-30,000",436.0,2.19,10752724.0
3264,欣銓,2020-01-17,"200,001-400,000",67.0,3.84,18847352.0
3264,欣銓,2020-01-17,"30,001-40,000",199.0,1.41,6945780.0
3264,欣銓,2020-01-17,"40,001-50,000",109.0,1.02,5003914.0
3264,欣銓,2020-01-17,"400,001-600,000",34.0,3.56,17488514.0
3264,欣銓,2020-01-17,"5,001-10,000",2283.0,3.43,16845689.0
3264,欣銓,2020-01-17,"50,001-100,000",218.0,3.12,15332506.0
3264,欣銓,2020-01-17,"600,001-800,000",14.0,1.97,9662554.0
3264,欣銓,2020-01-17,"800,001-1,000,000",9.0,1.69,8291762.0
3264,欣銓,2020-01-17,"more than 1,000,001",61.0,64.35,315515123.0
3264,欣銓,2020-01-17,total,46985.0,100.0,490259176.0
3264,欣銓,2020-01-22,1-999,30158.0,0.33,1643191.0
3264,欣銓,2020-01-22,"1,000-5,000",11861.0,5.07,24897977.0
3264,欣銓,2020-01-22,"10,001-15,000",904.0,2.21,10854485.0
3264,欣銓,2020-01-22,"100,001-200,000",135.0,4.01,19670771.0
3264,欣銓,2020-01-22,"15,001-20,000",442.0,1.64,8062928.0
3264,欣銓,2020-01-22,"20,001-30,000",431.0,2.16,10594819.0
3264,欣銓,2020-01-22,"200,001-400,000",69.0,3.95,19396352.0
3264,欣銓,2020-01-22,"30,001-40,000",202.0,1.43,7054780.0
3264,欣銓,2020-01-22,"40,001-50,000",110.0,1.03,5058110.0
3264,欣銓,2020-01-22,"400,001-600,000",35.0,3.67,17996514.0
3264,欣銓,2020-01-22,"5,001-10,000",2278.0,3.42,16801304.0
3264,欣銓,2020-01-22,"50,001-100,000",220.0,3.16,15508506.0
3264,欣銓,2020-01-22,"600,001-800,000",15.0,2.1,10335554.0
3264,欣銓,2020-01-22,"800,001-1,000,000",9.0,1.7,8361941.0
3264,欣銓,2020-01-22,"more than 1,000,001",60.0,64.05,314021944.0
3264,欣銓,2020-01-22,total,46929.0,100.0,490259176.0
3264,欣銓,2020-01-31,1-999,30143.0,0.33,1639812.0
3264,欣銓,2020-01-31,"1,000-5,000",11947.0,5.12,25106772.0
3264,欣銓,2020-01-31,"10,001-15,000",907.0,2.22,10899904.0
3264,欣銓,2020-01-31,"100,001-200,000",137.0,4.07,19962371.0
3264,欣銓,2020-01-31,"15,001-20,000",440.0,1.63,8022256.0
3264,欣銓,2020-01-31,"20,001-30,000",441.0,2.2,10823982.0
3264,欣銓,2020-01-31,"200,001-400,000",70.0,3.98,19535352.0
3264,欣銓,2020-01-31,"30,001-40,000",197.0,1.4,6894484.0
3264,欣銓,2020-01-31,"40,001-50,000",113.0,1.06,5206110.0
3264,欣銓,2020-01-31,"400,001-600,000",36.0,3.79,18597514.0
3264,欣銓,2020-01-31,"5,001-10,000",2296.0,3.45,16941187.0
3264,欣銓,2020-01-31,"50,001-100,000",221.0,3.17,15545993.0
3264,欣銓,2020-01-31,"600,001-800,000",14.0,2.0,9845733.0
3264,欣銓,2020-01-31,"800,001-1,000,000",8.0,1.51,7447762.0
3264,欣銓,2020-01-31,"more than 1,000,001",60.0,64.0,313789944.0
3264,欣銓,2020-01-31,total,47030.0,100.0,490259176.0
3264,欣銓,2020-02-07,1-999,30101.0,0.33,1633448.0
3264,欣銓,2020-02-07,"1,000-5,000",12307.0,5.28,25914443.0
3264,欣銓,2020-02-07,"10,001-15,000",926.0,2.27,11165040.0
3264,欣銓,2020-02-07,"100,001-200,000",135.0,4.01,19694919.0
3264,欣銓,2020-02-07,"15,001-20,000",442.0,1.64,8045823.0
3264,欣銓,2020-02-07,"20,001-30,000",446.0,2.25,11039338.0
3264,欣銓,2020-02-07,"200,001-400,000",71.0,4.0,19657928.0
3264,欣銓,2020-02-07,"30,001-40,000",203.0,1.45,7146475.0
3264,欣銓,2020-02-07,"40,001-50,000",122.0,1.14,5635717.0
3264,欣銓,2020-02-07,"400,001-600,000",35.0,3.67,18010735.0
3264,欣銓,2020-02-07,"5,001-10,000",2391.0,3.61,17729433.0
3264,欣銓,2020-02-07,"50,001-100,000",227.0,3.24,15906364.0
3264,欣銓,2020-02-07,"600,001-800,000",15.0,2.13,10462628.0
3264,欣銓,2020-02-07,"800,001-1,000,000",9.0,1.72,8463353.0
3264,欣銓,2020-02-07,"more than 1,000,001",60.0,63.18,309753532.0
3264,欣銓,2020-02-07,total,47490.0,100.0,490259176.0
3264,欣銓,2020-02-15,1-999,30106.0,0.33,1628619.0
3264,欣銓,2020-02-15,"1,000-5,000",12615.0,5.44,26704869.0
3264,欣銓,2020-02-15,"10,001-15,000",944.0,2.32,11388317.0
3264,欣銓,2020-02-15,"100,001-200,000",144.0,4.25,20871968.0
3264,欣銓,2020-02-15,"15,001-20,000",465.0,1.72,8470000.0
3264,欣銓,2020-02-15,"20,001-30,000",461.0,2.33,11432800.0
3264,欣銓,2020-02-15,"200,001-400,000",67.0,3.87,19010879.0
3264,欣銓,2020-02-15,"30,001-40,000",206.0,1.47,7244447.0
3264,欣銓,2020-02-15,"40,001-50,000",130.0,1.22,6014236.0
3264,欣銓,2020-02-15,"400,001-600,000",37.0,3.86,18926816.0
3264,欣銓,2020-02-15,"5,001-10,000",2430.0,3.68,18065558.0
3264,欣銓,2020-02-15,"50,001-100,000",231.0,3.33,16355235.0
3264,欣銓,2020-02-15,"600,001-800,000",12.0,1.66,8143227.0
3264,欣銓,2020-02-15,"800,001-1,000,000",9.0,1.73,8518839.0
3264,欣銓,2020-02-15,"more than 1,000,001",61.0,62.71,307483366.0
3264,欣銓,2020-02-15,total,47918.0,100.0,490259176.0
3264,欣銓,2020-02-21,1-999,30167.0,0.33,1627299.0
3264,欣銓,2020-02-21,"1,000-5,000",12815.0,5.52,27069476.0
3264,欣銓,2020-02-21,"10,001-15,000",948.0,2.33,11455022.0
3264,欣銓,2020-02-21,"100,001-200,000",143.0,4.27,20975409.0
3264,欣銓,2020-02-21,"15,001-20,000",472.0,1.75,8607615.0
3264,欣銓,2020-02-21,"20,001-30,000",467.0,2.35,11560368.0
3264,欣銓,2020-02-21,"200,001-400,000",68.0,3.89,19094441.0
3264,欣銓,2020-02-21,"30,001-40,000",214.0,1.54,7553227.0
3264,欣銓,2020-02-21,"40,001-50,000",128.0,1.2,5908162.0
3264,欣銓,2020-02-21,"400,001-600,000",34.0,3.54,17357703.0
3264,欣銓,2020-02-21,"5,001-10,000",2456.0,3.73,18295831.0
3264,欣銓,2020-02-21,"50,001-100,000",238.0,3.46,16975319.0
3264,欣銓,2020-02-21,"600,001-800,000",12.0,1.65,8132483.0
3264,欣銓,2020-02-21,"800,001-1,000,000",6.0,1.15,5644497.0
3264,欣銓,2020-02-21,"more than 1,000,001",63.0,63.23,310002324.0
3264,欣銓,2020-02-21,total,48231.0,100.0,490259176.0
3264,欣銓,2020-02-27,1-999,30205.0,0.33,1624157.0
3264,欣銓,2020-02-27,"1,000-5,000",12837.0,5.52,27079911.0
3264,欣銓,2020-02-27,"10,001-15,000",951.0,2.34,11512886.0
3264,欣銓,2020-02-27,"100,001-200,000",144.0,4.3,21127919.0
3264,欣銓,2020-02-27,"15,001-20,000",477.0,1.77,8719371.0
3264,欣銓,2020-02-27,"20,001-30,000",463.0,2.33,11424365.0
3264,欣銓,2020-02-27,"200,001-400,000",69.0,3.97,19482204.0
3264,欣銓,2020-02-27,"30,001-40,000",214.0,1.54,7559219.0
3264,欣銓,2020-02-27,"40,001-50,000",133.0,1.25,6143271.0
3264,欣銓,2020-02-27,"400,001-600,000",34.0,3.53,17350236.0
3264,欣銓,2020-02-27,"5,001-10,000",2454.0,3.71,18222622.0
3264,欣銓,2020-02-27,"50,001-100,000",231.0,3.35,16458423.0
3264,欣銓,2020-02-27,"600,001-800,000",13.0,1.79,8794483.0
3264,欣銓,2020-02-27,"800,001-1,000,000",8.0,1.48,7293497.0
3264,欣銓,2020-02-27,"more than 1,000,001",60.0,62.71,307466612.0
3264,欣銓,2020-02-27,total,48293.0,100.0,490259176.0
3264,欣銓,2020-03-06,1-999,30238.0,0.33,1623979.0
3264,欣銓,2020-03-06,"1,000-5,000",13255.0,5.7,27982690.0
3264,欣銓,2020-03-06,"10,001-15,000",953.0,2.35,11545025.0
3264,欣銓,2020-03-06,"100,001-200,000",147.0,4.38,21510589.0
3264,欣銓,2020-03-06,"15,001-20,000",489.0,1.81,8912188.0
3264,欣銓,2020-03-06,"20,001-30,000",463.0,2.33,11438956.0
3264,欣銓,2020-03-06,"200,001-400,000",64.0,3.66,17971936.0
3264,欣銓,2020-03-06,"30,001-40,000",220.0,1.57,7730042.0
3264,欣銓,2020-03-06,"40,001-50,000",135.0,1.26,6225892.0
3264,欣銓,2020-03-06,"400,001-600,000",38.0,3.95,19397236.0
3264,欣銓,2020-03-06,"5,001-10,000",2513.0,3.82,18732418.0
3264,欣銓,2020-03-06,"50,001-100,000",238.0,3.45,16962281.0
3264,欣銓,2020-03-06,"600,001-800,000",13.0,1.81,8888662.0
3264,欣銓,2020-03-06,"800,001-1,000,000",6.0,1.16,5715497.0
3264,欣銓,2020-03-06,"more than 1,000,001",62.0,62.33,305621785.0
3264,欣銓,2020-03-06,total,48834.0,100.0,490259176.0
3264,欣銓,2020-03-13,1-999,30251.0,0.33,1618482.0
3264,欣銓,2020-03-13,"1,000-5,000",13681.0,5.9,28949392.0
3264,欣銓,2020-03-13,"10,001-15,000",986.0,2.44,11991956.0
3264,欣銓,2020-03-13,"100,001-200,000",156.0,4.65,22829147.0
3264,欣銓,2020-03-13,"15,001-20,000",501.0,1.86,9130923.0
3264,欣銓,2020-03-13,"20,001-30,000",502.0,2.54,12462158.0
3264,欣銓,2020-03-13,"200,001-400,000",66.0,3.76,18472936.0
3264,欣銓,2020-03-13,"30,001-40,000",221.0,1.58,7772065.0
3264,欣銓,2020-03-13,"40,001-50,000",134.0,1.26,6200067.0
3264,欣銓,2020-03-13,"400,001-600,000",33.0,3.43,16844015.0
3264,欣銓,2020-03-13,"5,001-10,000",2636.0,4.01,19704876.0
3264,欣銓,2020-03-13,"50,001-100,000",253.0,3.66,17960158.0
3264,欣銓,2020-03-13,"600,001-800,000",13.0,1.85,9113483.0
3264,欣銓,2020-03-13,"800,001-1,000,000",4.0,0.75,3698984.0
3264,欣銓,2020-03-13,"more than 1,000,001",63.0,61.9,303510534.0
3264,欣銓,2020-03-13,total,49500.0,100.0,490259176.0
3264,欣銓,2020-03-20,1-999,30242.0,0.32,1613171.0
3264,欣銓,2020-03-20,"1,000-5,000",13780.0,6.01,29508767.0
3264,欣銓,2020-03-20,"10,001-15,000",1051.0,2.61,12813779.0
3264,欣銓,2020-03-20,"100,001-200,000",149.0,4.44,21783122.0
3264,欣銓,2020-03-20,"15,001-20,000",545.0,2.03,9965679.0
3264,欣銓,2020-03-20,"20,001-30,000",507.0,2.57,12620776.0
3264,欣銓,2020-03-20,"200,001-400,000",76.0,4.28,20989704.0
3264,欣銓,2020-03-20,"30,001-40,000",236.0,1.7,8379803.0
3264,欣銓,2020-03-20,"40,001-50,000",143.0,1.34,6598050.0
3264,欣銓,2020-03-20,"400,001-600,000",35.0,3.57,17517285.0
3264,欣銓,2020-03-20,"5,001-10,000",2761.0,4.21,20673985.0
3264,欣銓,2020-03-20,"50,001-100,000",292.0,4.26,20926594.0
3264,欣銓,2020-03-20,"600,001-800,000",9.0,1.27,6246428.0
3264,欣銓,2020-03-20,"800,001-1,000,000",6.0,1.11,5465145.0
3264,欣銓,2020-03-20,"more than 1,000,001",60.0,60.2,295156888.0
3264,欣銓,2020-03-20,total,49892.0,100.0,490259176.0
3264,欣銓,2020-03-27,1-999,30248.0,0.32,1607332.0
3264,欣銓,2020-03-27,"1,000-5,000",14399.0,6.31,30939849.0
3264,欣銓,2020-03-27,"10,001-15,000",1073.0,2.67,13125988.0
3264,欣銓,2020-03-27,"100,001-200,000",150.0,4.44,21798975.0
3264,欣銓,2020-03-27,"15,001-20,000",588.0,2.2,10832701.0
3264,欣銓,2020-03-27,"20,001-30,000",522.0,2.63,12930161.0
3264,欣銓,2020-03-27,"200,001-400,000",80.0,4.49,22037919.0
3264,欣銓,2020-03-27,"30,001-40,000",249.0,1.8,8838259.0
3264,欣銓,2020-03-27,"40,001-50,000",158.0,1.48,7294177.0
3264,欣銓,2020-03-27,"400,001-600,000",34.0,3.48,17081363.0
3264,欣銓,2020-03-27,"5,001-10,000",2888.0,4.43,21743480.0
3264,欣銓,2020-03-27,"50,001-100,000",303.0,4.43,21724544.0
3264,欣銓,2020-03-27,"600,001-800,000",14.0,1.97,9680295.0
3264,欣銓,2020-03-27,"800,001-1,000,000",4.0,0.75,3712866.0
3264,欣銓,2020-03-27,"more than 1,000,001",59.0,58.52,286911267.0
3264,欣銓,2020-03-27,total,50769.0,100.0,490259176.0
3264,欣銓,2020-04-01,1-999,30233.0,0.32,1601240.0
3264,欣銓,2020-04-01,"1,000-5,000",14594.0,6.41,31438372.0
3264,欣銓,2020-04-01,"10,001-15,000",1085.0,2.7,13279372.0
3264,欣銓,2020-04-01,"100,001-200,000",151.0,4.46,21906975.0
3264,欣銓,2020-04-01,"15,001-20,000",592.0,2.22,10909147.0
3264,欣銓,2020-04-01,"20,001-30,000",542.0,2.74,13473408.0
3264,欣銓,2020-04-01,"200,001-400,000",85.0,4.7,23049919.0
3264,欣銓,2020-04-01,"30,001-40,000",260.0,1.88,9230023.0
3264,欣銓,2020-04-01,"40,001-50,000",172.0,1.62,7974403.0
3264,欣銓,2020-04-01,"400,001-600,000",33.0,3.37,16524363.0
3264,欣銓,2020-04-01,"5,001-10,000",2951.0,4.54,22271431.0
3264,欣銓,2020-04-01,"50,001-100,000",314.0,4.6,22578095.0
3264,欣銓,2020-04-01,"600,001-800,000",12.0,1.74,8546016.0
3264,欣銓,2020-04-01,"800,001-1,000,000",5.0,0.9,4421778.0
3264,欣銓,2020-04-01,"more than 1,000,001",60.0,57.73,283054634.0
3264,欣銓,2020-04-01,total,51089.0,100.0,490259176.0
3264,欣銓,2020-04-10,1-999,30295.0,0.32,1601252.0
3264,欣銓,2020-04-10,"1,000-5,000",14483.0,6.34,31128407.0
3264,欣銓,2020-04-10,"10,001-15,000",1087.0,2.71,13304605.0
3264,欣銓,2020-04-10,"100,001-200,000",158.0,4.64,22761975.0
3264,欣銓,2020-04-10,"15,001-20,000",571.0,2.14,10537690.0
3264,欣銓,2020-04-10,"20,001-30,000",557.0,2.83,13899063.0
3264,欣銓,2020-04-10,"200,001-400,000",82.0,4.54,22286689.0
3264,欣銓,2020-04-10,"30,001-40,000",259.0,1.88,9237463.0
3264,欣銓,2020-04-10,"40,001-50,000",166.0,1.56,7678410.0
3264,欣銓,2020-04-10,"400,001-600,000",38.0,3.86,18971753.0
3264,欣銓,2020-04-10,"5,001-10,000",2958.0,4.55,22352485.0
3264,欣銓,2020-04-10,"50,001-100,000",296.0,4.33,21253956.0
3264,欣銓,2020-04-10,"600,001-800,000",12.0,1.75,8628483.0
3264,欣銓,2020-04-10,"800,001-1,000,000",7.0,1.31,6433311.0
3264,欣銓,2020-04-10,"more than 1,000,001",60.0,57.15,280183634.0
3264,欣銓,2020-04-10,total,51029.0,100.0,490259176.0
3264,欣銓,2020-04-17,1-999,30315.0,0.32,1602484.0
3264,欣銓,2020-04-17,"1,000-5,000",14689.0,6.41,31443534.0
3264,欣銓,2020-04-17,"10,001-15,000",1081.0,2.7,13240215.0
3264,欣銓,2020-04-17,"100,001-200,000",165.0,4.91,24107378.0
3264,欣銓,2020-04-17,"15,001-20,000",589.0,2.21,10869104.0
3264,欣銓,2020-04-17,"20,001-30,000",539.0,2.73,13426937.0
3264,欣銓,2020-04-17,"200,001-400,000",83.0,4.65,22811600.0
3264,欣銓,2020-04-17,"30,001-40,000",248.0,1.79,8788279.0
3264,欣銓,2020-04-17,"40,001-50,000",165.0,1.55,7629602.0
3264,欣銓,2020-04-17,"400,001-600,000",35.0,3.54,17369286.0
3264,欣銓,2020-04-17,"5,001-10,000",2988.0,4.61,22639827.0
3264,欣銓,2020-04-17,"50,001-100,000",296.0,4.31,21177395.0
3264,欣銓,2020-04-17,"600,001-800,000",13.0,1.89,9294483.0
3264,欣銓,2020-04-17,"800,001-1,000,000",5.0,0.92,4519499.0
3264,欣銓,2020-04-17,"more than 1,000,001",61.0,57.38,281339553.0
3264,欣銓,2020-04-17,total,51272.0,100.0,490259176.0
3264,欣銓,2020-04-24,1-999,30329.0,0.32,1601154.0
3264,欣銓,2020-04-24,"1,000-5,000",14840.0,6.47,31753478.0
3264,欣銓,2020-04-24,"10,001-15,000",1090.0,2.72,13352638.0
3264,欣銓,2020-04-24,"100,001-200,000",160.0,4.71,23138111.0
3264,欣銓,2020-04-24,"15,001-20,000",572.0,2.14,10522253.0
3264,欣銓,2020-04-24,"20,001-30,000",538.0,2.73,13413451.0
3264,欣銓,2020-04-24,"200,001-400,000",84.0,4.81,23612311.0
3264,欣銓,2020-04-24,"30,001-40,000",250.0,1.8,8861127.0
3264,欣銓,2020-04-24,"40,001-50,000",169.0,1.59,7813723.0
3264,欣銓,2020-04-24,"400,001-600,000",34.0,3.44,16900753.0
3264,欣銓,2020-04-24,"5,001-10,000",3004.0,4.64,22749417.0
3264,欣銓,2020-04-24,"50,001-100,000",282.0,4.13,20254225.0
3264,欣銓,2020-04-24,"600,001-800,000",14.0,2.06,10146483.0
3264,欣銓,2020-04-24,"800,001-1,000,000",3.0,0.56,2767499.0
3264,欣銓,2020-04-24,"more than 1,000,001",61.0,57.8,283372553.0
3264,欣銓,2020-04-24,total,51430.0,100.0,490259176.0
3264,欣銓,2020-04-30,1-999,30330.0,0.32,1600394.0
3264,欣銓,2020-04-30,"1,000-5,000",14861.0,6.48,31773267.0
3264,欣銓,2020-04-30,"10,001-15,000",1079.0,2.68,13185229.0
3264,欣銓,2020-04-30,"100,001-200,000",161.0,4.76,23353578.0
3264,欣銓,2020-04-30,"15,001-20,000",568.0,2.12,10431428.0
3264,欣銓,2020-04-30,"20,001-30,000",543.0,2.77,13600919.0
3264,欣銓,2020-04-30,"200,001-400,000",82.0,4.71,23106467.0
3264,欣銓,2020-04-30,"30,001-40,000",255.0,1.83,9009584.0
3264,欣銓,2020-04-30,"40,001-50,000",179.0,1.68,8276900.0
3264,欣銓,2020-04-30,"400,001-600,000",36.0,3.64,17848753.0
3264,欣銓,2020-04-30,"5,001-10,000",2975.0,4.58,22481053.0
3264,欣銓,2020-04-30,"50,001-100,000",287.0,4.18,20524069.0
3264,欣銓,2020-04-30,"600,001-800,000",12.0,1.74,8562762.0
3264,欣銓,2020-04-30,"800,001-1,000,000",5.0,0.95,4680499.0
3264,欣銓,2020-04-30,"more than 1,000,001",60.0,57.48,281824274.0
3264,欣銓,2020-04-30,total,51433.0,100.0,490259176.0
3264,欣銓,2020-05-15,1-999,30310.0,0.32,1598298.0
3264,欣銓,2020-05-15,"1,000-5,000",14914.0,6.46,31700259.0
3264,欣銓,2020-05-15,"10,001-15,000",1071.0,2.67,13136344.0
3264,欣銓,2020-05-15,"100,001-200,000",168.0,4.92,24151187.0
3264,欣銓,2020-05-15,"15,001-20,000",544.0,2.05,10054899.0
3264,欣銓,2020-05-15,"20,001-30,000",533.0,2.71,13310482.0
3264,欣銓,2020-05-15,"200,001-400,000",84.0,4.67,22926467.0
3264,欣銓,2020-05-15,"30,001-40,000",263.0,1.9,9351347.0
3264,欣銓,2020-05-15,"40,001-50,000",165.0,1.56,7652617.0
3264,欣銓,2020-05-15,"400,001-600,000",35.0,3.52,17292286.0
3264,欣銓,2020-05-15,"5,001-10,000",2897.0,4.49,22054107.0
3264,欣銓,2020-05-15,"50,001-100,000",272.0,3.93,19268348.0
3264,欣銓,2020-05-15,"600,001-800,000",12.0,1.7,8357762.0
3264,欣銓,2020-05-15,"800,001-1,000,000",5.0,0.94,4647678.0
3264,欣銓,2020-05-15,"more than 1,000,001",62.0,58.08,284757095.0
3264,欣銓,2020-05-15,total,51335.0,100.0,490259176.0
3264,欣銓,2020-05-22,1-999,30302.0,0.32,1595261.0
3264,欣銓,2020-05-22,"1,000-5,000",14683.0,6.36,31207106.0
3264,欣銓,2020-05-22,"10,001-15,000",1057.0,2.63,12941422.0
3264,欣銓,2020-05-22,"100,001-200,000",160.0,4.68,22969096.0
3264,欣銓,2020-05-22,"15,001-20,000",540.0,2.03,9979890.0
3264,欣銓,2020-05-22,"20,001-30,000",532.0,2.69,13222743.0
3264,欣銓,2020-05-22,"200,001-400,000",84.0,4.69,22997753.0
3264,欣銓,2020-05-22,"30,001-40,000",258.0,1.87,9187239.0
3264,欣銓,2020-05-22,"40,001-50,000",167.0,1.56,7696786.0
3264,欣銓,2020-05-22,"400,001-600,000",33.0,3.42,16786041.0
3264,欣銓,2020-05-22,"5,001-10,000",2861.0,4.43,21742304.0
3264,欣銓,2020-05-22,"50,001-100,000",272.0,3.95,19411467.0
3264,欣銓,2020-05-22,"600,001-800,000",13.0,1.83,9003295.0
3264,欣銓,2020-05-22,"800,001-1,000,000",4.0,0.74,3629499.0
3264,欣銓,2020-05-22,"more than 1,000,001",63.0,58.72,287889274.0
3264,欣銓,2020-05-22,total,51029.0,100.0,490259176.0
3264,欣銓,2020-05-29,1-999,30322.0,0.32,1597162.0
3264,欣銓,2020-05-29,"1,000-5,000",14819.0,6.39,31330298.0
3264,欣銓,2020-05-29,"10,001-15,000",1029.0,2.56,12572249.0
3264,欣銓,2020-05-29,"100,001-200,000",156.0,4.54,22278788.0
3264,欣銓,2020-05-29,"15,001-20,000",536.0,2.01,9894848.0
3264,欣銓,2020-05-29,"20,001-30,000",518.0,2.63,12939084.0
3264,欣銓,2020-05-29,"200,001-400,000",83.0,4.65,22804633.0
3264,欣銓,2020-05-29,"30,001-40,000",255.0,1.84,9052127.0
3264,欣銓,2020-05-29,"40,001-50,000",159.0,1.5,7392345.0
3264,欣銓,2020-05-29,"400,001-600,000",35.0,3.58,17587320.0
3264,欣銓,2020-05-29,"5,001-10,000",2828.0,4.36,21424256.0
3264,欣銓,2020-05-29,"50,001-100,000",280.0,4.05,19894989.0
3264,欣銓,2020-05-29,"600,001-800,000",11.0,1.58,7763483.0
3264,欣銓,2020-05-29,"800,001-1,000,000",4.0,0.74,3629499.0
3264,欣銓,2020-05-29,"more than 1,000,001",63.0,59.17,290098095.0
3264,欣銓,2020-05-29,total,51098.0,100.0,490259176.0
3264,欣銓,2020-06-05,1-999,30355.0,0.32,1605697.0
3264,欣銓,2020-06-05,"1,000-5,000",14335.0,6.11,30003227.0
3264,欣銓,2020-06-05,"10,001-15,000",976.0,2.43,11916543.0
3264,欣銓,2020-06-05,"100,001-200,000",145.0,4.29,21034491.0
3264,欣銓,2020-06-05,"15,001-20,000",504.0,1.89,9288600.0
3264,欣銓,2020-06-05,"20,001-30,000",523.0,2.66,13074043.0
3264,欣銓,2020-06-05,"200,001-400,000",79.0,4.45,21830454.0
3264,欣銓,2020-06-05,"30,001-40,000",229.0,1.66,8143969.0
3264,欣銓,2020-06-05,"40,001-50,000",156.0,1.47,7230436.0
3264,欣銓,2020-06-05,"400,001-600,000",34.0,3.46,16971096.0
3264,欣銓,2020-06-05,"5,001-10,000",2697.0,4.17,20464450.0
3264,欣銓,2020-06-05,"50,001-100,000",267.0,3.87,19003690.0
3264,欣銓,2020-06-05,"600,001-800,000",11.0,1.55,7617762.0
3264,欣銓,2020-06-05,"800,001-1,000,000",10.0,1.89,9293623.0
3264,欣銓,2020-06-05,"more than 1,000,001",63.0,59.71,292781095.0
3264,欣銓,2020-06-05,total,50384.0,100.0,490259176.0
3264,欣銓,2020-06-12,1-999,30359.0,0.32,1608002.0
3264,欣銓,2020-06-12,"1,000-5,000",14247.0,6.03,29600413.0
3264,欣銓,2020-06-12,"10,001-15,000",979.0,2.44,11972445.0
3264,欣銓,2020-06-12,"100,001-200,000",142.0,4.22,20701491.0
3264,欣銓,2020-06-12,"15,001-20,000",490.0,1.84,9031979.0
3264,欣銓,2020-06-12,"20,001-30,000",496.0,2.52,12357560.0
3264,欣銓,2020-06-12,"200,001-400,000",80.0,4.59,22535565.0
3264,欣銓,2020-06-12,"30,001-40,000",241.0,1.74,8555123.0
3264,欣銓,2020-06-12,"40,001-50,000",150.0,1.41,6948449.0
3264,欣銓,2020-06-12,"400,001-600,000",36.0,3.62,17755541.0
3264,欣銓,2020-06-12,"5,001-10,000",2664.0,4.11,20174520.0
3264,欣銓,2020-06-12,"50,001-100,000",259.0,3.75,18403075.0
3264,欣銓,2020-06-12,"600,001-800,000",14.0,2.02,9907428.0
3264,欣銓,2020-06-12,"800,001-1,000,000",7.0,1.31,6425736.0
3264,欣銓,2020-06-12,"more than 1,000,001",62.0,60.02,294281849.0
3264,欣銓,2020-06-12,total,50226.0,100.0,490259176.0
3264,欣銓,2020-06-20,1-999,30333.0,0.32,1600742.0
3264,欣銓,2020-06-20,"1,000-5,000",14294.0,6.07,29767580.0
3264,欣銓,2020-06-20,"10,001-15,000",979.0,2.44,11962686.0
3264,欣銓,2020-06-20,"100,001-200,000",137.0,4.07,19954994.0
3264,欣銓,2020-06-20,"15,001-20,000",500.0,1.88,9222645.0
3264,欣銓,2020-06-20,"20,001-30,000",499.0,2.53,12447583.0
3264,欣銓,2020-06-20,"200,001-400,000",78.0,4.39,21566808.0
3264,欣銓,2020-06-20,"30,001-40,000",239.0,1.72,8449638.0
3264,欣銓,2020-06-20,"40,001-50,000",143.0,1.34,6609327.0
3264,欣銓,2020-06-20,"400,001-600,000",36.0,3.61,17699452.0
3264,欣銓,2020-06-20,"5,001-10,000",2627.0,4.05,19872418.0
3264,欣銓,2020-06-20,"50,001-100,000",264.0,3.85,18916201.0
3264,欣銓,2020-06-20,"600,001-800,000",12.0,1.75,8591428.0
3264,欣銓,2020-06-20,"800,001-1,000,000",6.0,1.11,5472499.0
3264,欣銓,2020-06-20,"more than 1,000,001",64.0,60.8,298125175.0
3264,欣銓,2020-06-20,total,50211.0,100.0,490259176.0
3264,欣銓,2020-06-24,1-999,30325.0,0.32,1601167.0
3264,欣銓,2020-06-24,"1,000-5,000",14129.0,6.0,29445147.0
3264,欣銓,2020-06-24,"10,001-15,000",963.0,2.39,11735401.0
3264,欣銓,2020-06-24,"100,001-200,000",140.0,4.18,20492850.0
3264,欣銓,2020-06-24,"15,001-20,000",493.0,1.85,9093425.0
3264,欣銓,2020-06-24,"20,001-30,000",497.0,2.52,12383307.0
3264,欣銓,2020-06-24,"200,001-400,000",79.0,4.45,21831808.0
3264,欣銓,2020-06-24,"30,001-40,000",238.0,1.72,8456588.0
3264,欣銓,2020-06-24,"40,001-50,000",145.0,1.36,6715986.0
3264,欣銓,2020-06-24,"400,001-600,000",35.0,3.54,17387452.0
3264,欣銓,2020-06-24,"5,001-10,000",2606.0,4.02,19710598.0
3264,欣銓,2020-06-24,"50,001-100,000",257.0,3.71,18236345.0
3264,欣銓,2020-06-24,"600,001-800,000",12.0,1.74,8547428.0
3264,欣銓,2020-06-24,"800,001-1,000,000",6.0,1.1,5421499.0
3264,欣銓,2020-06-24,"more than 1,000,001",64.0,61.02,299200175.0
3264,欣銓,2020-06-24,total,49989.0,100.0,490259176.0
3264,欣銓,2020-07-03,1-999,30331.0,0.32,1609225.0
3264,欣銓,2020-07-03,"1,000-5,000",13633.0,5.76,28259248.0
3264,欣銓,2020-07-03,"10,001-15,000",958.0,2.37,11654625.0
3264,欣銓,2020-07-03,"100,001-200,000",133.0,3.96,19450636.0
3264,欣銓,2020-07-03,"15,001-20,000",460.0,1.73,8495035.0
3264,欣銓,2020-07-03,"20,001-30,000",474.0,2.4,11792691.0
3264,欣銓,2020-07-03,"200,001-400,000",80.0,4.56,22356660.0
3264,欣銓,2020-07-03,"30,001-40,000",222.0,1.6,7870278.0
3264,欣銓,2020-07-03,"40,001-50,000",144.0,1.36,6677920.0
3264,欣銓,2020-07-03,"400,001-600,000",31.0,3.19,15646452.0
3264,欣銓,2020-07-03,"5,001-10,000",2535.0,3.91,19184920.0
3264,欣銓,2020-07-03,"50,001-100,000",244.0,3.51,17223384.0
3264,欣銓,2020-07-03,"600,001-800,000",13.0,1.82,8953428.0
3264,欣銓,2020-07-03,"800,001-1,000,000",6.0,1.12,5497908.0
3264,欣銓,2020-07-03,"more than 1,000,001",66.0,62.33,305586766.0
3264,欣銓,2020-07-03,total,49330.0,100.0,490259176.0
3264,欣銓,2020-07-10,1-999,30293.0,0.32,1604103.0
3264,欣銓,2020-07-10,"1,000-5,000",13636.0,5.77,28291052.0
3264,欣銓,2020-07-10,"10,001-15,000",961.0,2.38,11668771.0
3264,欣銓,2020-07-10,"100,001-200,000",139.0,4.12,20200699.0
3264,欣銓,2020-07-10,"15,001-20,000",464.0,1.74,8543552.0
3264,欣銓,2020-07-10,"20,001-30,000",481.0,2.45,12020416.0
3264,欣銓,2020-07-10,"200,001-400,000",81.0,4.66,22884660.0
3264,欣銓,2020-07-10,"30,001-40,000",226.0,1.63,8033501.0
3264,欣銓,2020-07-10,"40,001-50,000",135.0,1.27,6260254.0
3264,欣銓,2020-07-10,"400,001-600,000",31.0,3.17,15554397.0
3264,欣銓,2020-07-10,"5,001-10,000",2573.0,3.97,19501699.0
3264,欣銓,2020-07-10,"50,001-100,000",258.0,3.73,18325978.0
3264,欣銓,2020-07-10,"600,001-800,000",12.0,1.74,8554509.0
3264,欣銓,2020-07-10,"800,001-1,000,000",5.0,0.9,4436057.0
3264,欣銓,2020-07-10,"more than 1,000,001",67.0,62.08,304379528.0
3264,欣銓,2020-07-10,total,49362.0,100.0,490259176.0
3264,欣銓,2020-07-17,1-999,30273.0,0.32,1604454.0
3264,欣銓,2020-07-17,"1,000-5,000",13325.0,5.65,27702902.0
3264,欣銓,2020-07-17,"10,001-15,000",950.0,2.36,11576602.0
3264,欣銓,2020-07-17,"100,001-200,000",129.0,3.85,18897854.0
3264,欣銓,2020-07-17,"15,001-20,000",447.0,1.68,8237649.0
3264,欣銓,2020-07-17,"20,001-30,000",482.0,2.45,12050511.0
3264,欣銓,2020-07-17,"200,001-400,000",82.0,4.69,23005605.0
3264,欣銓,2020-07-17,"30,001-40,000",221.0,1.59,7830880.0
3264,欣銓,2020-07-17,"40,001-50,000",142.0,1.34,6600696.0
3264,欣銓,2020-07-17,"400,001-600,000",32.0,3.26,16006541.0
3264,欣銓,2020-07-17,"5,001-10,000",2508.0,3.85,18899803.0
3264,欣銓,2020-07-17,"50,001-100,000",255.0,3.72,18253823.0
3264,欣銓,2020-07-17,"600,001-800,000",12.0,1.71,8419892.0
3264,欣銓,2020-07-17,"800,001-1,000,000",5.0,0.93,4593499.0
3264,欣銓,2020-07-17,"more than 1,000,001",67.0,62.53,306578465.0
3264,欣銓,2020-07-17,total,48930.0,100.0,490259176.0
3264,欣銓,2020-07-24,1-999,30209.0,0.32,1602075.0
3264,欣銓,2020-07-24,"1,000-5,000",13252.0,5.62,27601108.0
3264,欣銓,2020-07-24,"10,001-15,000",935.0,2.32,11408286.0
3264,欣銓,2020-07-24,"100,001-200,000",127.0,3.78,18541854.0
3264,欣銓,2020-07-24,"15,001-20,000",444.0,1.66,8167475.0
3264,欣銓,2020-07-24,"20,001-30,000",476.0,2.42,11875179.0
3264,欣銓,2020-07-24,"200,001-400,000",82.0,4.71,23095343.0
3264,欣銓,2020-07-24,"30,001-40,000",229.0,1.65,8118599.0
3264,欣銓,2020-07-24,"40,001-50,000",144.0,1.36,6712669.0
3264,欣銓,2020-07-24,"400,001-600,000",30.0,3.13,15393170.0
3264,欣銓,2020-07-24,"5,001-10,000",2484.0,3.82,18732349.0
3264,欣銓,2020-07-24,"50,001-100,000",255.0,3.72,18271213.0
3264,欣銓,2020-07-24,"600,001-800,000",16.0,2.32,11421892.0
3264,欣銓,2020-07-24,"800,001-1,000,000",4.0,0.77,3792499.0
3264,欣銓,2020-07-24,"more than 1,000,001",67.0,62.31,305525465.0
3264,欣銓,2020-07-24,total,48754.0,100.0,490259176.0
3264,欣銓,2020-07-31,1-999,30206.0,0.32,1602514.0
3264,欣銓,2020-07-31,"1,000-5,000",13643.0,5.7,27980454.0
3264,欣銓,2020-07-31,"10,001-15,000",913.0,2.26,11123948.0
3264,欣銓,2020-07-31,"100,001-200,000",130.0,3.87,18997854.0
3264,欣銓,2020-07-31,"15,001-20,000",462.0,1.73,8502639.0
3264,欣銓,2020-07-31,"20,001-30,000",475.0,2.42,11879644.0
3264,欣銓,2020-07-31,"200,001-400,000",81.0,4.66,22858432.0
3264,欣銓,2020-07-31,"30,001-40,000",216.0,1.55,7615367.0
3264,欣銓,2020-07-31,"40,001-50,000",133.0,1.25,6167548.0
3264,欣銓,2020-07-31,"400,001-600,000",31.0,3.24,15892579.0
3264,欣銓,2020-07-31,"5,001-10,000",2452.0,3.78,18544945.0
3264,欣銓,2020-07-31,"50,001-100,000",255.0,3.69,18092805.0
3264,欣銓,2020-07-31,"600,001-800,000",13.0,1.8,8838483.0
3264,欣銓,2020-07-31,"800,001-1,000,000",6.0,1.1,5405499.0
3264,欣銓,2020-07-31,"more than 1,000,001",67.0,62.57,306756465.0
3264,欣銓,2020-07-31,total,49083.0,100.0,490259176.0
3264,欣銓,2020-08-07,1-999,30253.0,0.32,1617681.0
3264,欣銓,2020-08-07,"1,000-5,000",13749.0,5.67,27810119.0
3264,欣銓,2020-08-07,"10,001-15,000",875.0,2.16,10612889.0
3264,欣銓,2020-08-07,"100,001-200,000",123.0,3.67,18024645.0
3264,欣銓,2020-08-07,"15,001-20,000",438.0,1.64,8068395.0
3264,欣銓,2020-08-07,"20,001-30,000",428.0,2.18,10690626.0
3264,欣銓,2020-08-07,"200,001-400,000",85.0,4.85,23816463.0
3264,欣銓,2020-08-07,"30,001-40,000",196.0,1.41,6933789.0
3264,欣銓,2020-08-07,"40,001-50,000",131.0,1.24,6096763.0
3264,欣銓,2020-08-07,"400,001-600,000",30.0,3.1,15238170.0
3264,欣銓,2020-08-07,"5,001-10,000",2409.0,3.7,18143104.0
3264,欣銓,2020-08-07,"50,001-100,000",244.0,3.54,17381642.0
3264,欣銓,2020-08-07,"600,001-800,000",12.0,1.7,8378483.0
3264,欣銓,2020-08-07,"800,001-1,000,000",7.0,1.34,6596444.0
3264,欣銓,2020-08-07,"more than 1,000,001",69.0,63.4,310849963.0
3264,欣銓,2020-08-07,total,49049.0,100.0,490259176.0
3264,欣銓,2020-08-14,1-999,30192.0,0.32,1604294.0
3264,欣銓,2020-08-14,"1,000-5,000",14131.0,5.88,28839256.0
3264,欣銓,2020-08-14,"10,001-15,000",900.0,2.23,10937001.0
3264,欣銓,2020-08-14,"100,001-200,000",137.0,4.11,20196289.0
3264,欣銓,2020-08-14,"15,001-20,000",464.0,1.73,8523399.0
3264,欣銓,2020-08-14,"20,001-30,000",449.0,2.27,11165640.0
3264,欣銓,2020-08-14,"200,001-400,000",80.0,4.6,22599352.0
3264,欣銓,2020-08-14,"30,001-40,000",220.0,1.58,7776295.0
3264,欣銓,2020-08-14,"40,001-50,000",138.0,1.3,6420884.0
3264,欣銓,2020-08-14,"400,001-600,000",35.0,3.64,17849259.0
3264,欣銓,2020-08-14,"5,001-10,000",2541.0,3.94,19319597.0
3264,欣銓,2020-08-14,"50,001-100,000",268.0,3.94,19321642.0
3264,欣銓,2020-08-14,"600,001-800,000",12.0,1.76,8668428.0
3264,欣銓,2020-08-14,"800,001-1,000,000",8.0,1.5,7375499.0
3264,欣銓,2020-08-14,"more than 1,000,001",65.0,61.12,299662341.0
3264,欣銓,2020-08-14,total,49640.0,100.0,490259176.0
3264,欣銓,2020-08-21,1-999,30118.0,0.32,1594531.0
3264,欣銓,2020-08-21,"1,000-5,000",14090.0,5.96,29220842.0
3264,欣銓,2020-08-21,"10,001-15,000",916.0,2.27,11172452.0
3264,欣銓,2020-08-21,"100,001-200,000",152.0,4.53,22211795.0
3264,欣銓,2020-08-21,"15,001-20,000",482.0,1.79,8816384.0
3264,欣銓,2020-08-21,"20,001-30,000",487.0,2.46,12087997.0
3264,欣銓,2020-08-21,"200,001-400,000",87.0,4.97,24380001.0
3264,欣銓,2020-08-21,"30,001-40,000",204.0,1.46,7187459.0
3264,欣銓,2020-08-21,"40,001-50,000",151.0,1.42,6996826.0
3264,欣銓,2020-08-21,"400,001-600,000",32.0,3.36,16497112.0
3264,欣銓,2020-08-21,"5,001-10,000",2616.0,4.05,19895770.0
3264,欣銓,2020-08-21,"50,001-100,000",271.0,3.93,19312350.0
3264,欣銓,2020-08-21,"600,001-800,000",12.0,1.7,8356483.0
3264,欣銓,2020-08-21,"800,001-1,000,000",5.0,0.93,4566499.0
3264,欣銓,2020-08-21,"more than 1,000,001",64.0,60.77,297962675.0
3264,欣銓,2020-08-21,total,49687.0,100.0,490259176.0
3264,欣銓,2020-08-28,1-999,30070.0,0.32,1591672.0
3264,欣銓,2020-08-28,"1,000-5,000",14406.0,6.11,29976972.0
3264,欣銓,2020-08-28,"10,001-15,000",950.0,2.37,11636053.0
3264,欣銓,2020-08-28,"100,001-200,000",150.0,4.48,21987296.0
3264,欣銓,2020-08-28,"15,001-20,000",499.0,1.86,9148613.0
3264,欣銓,2020-08-28,"20,001-30,000",495.0,2.51,12324229.0
3264,欣銓,2020-08-28,"200,001-400,000",85.0,4.87,23905819.0
3264,欣銓,2020-08-28,"30,001-40,000",214.0,1.53,7547782.0
3264,欣銓,2020-08-28,"40,001-50,000",144.0,1.36,6706940.0
3264,欣銓,2020-08-28,"400,001-600,000",33.0,3.51,17247112.0
3264,欣銓,2020-08-28,"5,001-10,000",2663.0,4.13,20256808.0
3264,欣銓,2020-08-28,"50,001-100,000",282.0,4.13,20281278.0
3264,欣銓,2020-08-28,"600,001-800,000",14.0,1.96,9651428.0
3264,欣銓,2020-08-28,"800,001-1,000,000",5.0,0.92,4525499.0
3264,欣銓,2020-08-28,"more than 1,000,001",63.0,59.86,293471675.0
3264,欣銓,2020-08-28,total,50073.0,100.0,490259176.0
3264,欣銓,2020-09-04,1-999,30031.0,0.32,1585909.0
3264,欣銓,2020-09-04,"1,000-5,000",14596.0,6.18,30322706.0
3264,欣銓,2020-09-04,"10,001-15,000",946.0,2.36,11605481.0
3264,欣銓,2020-09-04,"100,001-200,000",152.0,4.5,22093345.0
3264,欣銓,2020-09-04,"15,001-20,000",495.0,1.85,9103338.0
3264,欣銓,2020-09-04,"20,001-30,000",502.0,2.54,12465669.0
3264,欣銓,2020-09-04,"200,001-400,000",91.0,5.21,25559819.0
3264,欣銓,2020-09-04,"30,001-40,000",209.0,1.5,7387582.0
3264,欣銓,2020-09-04,"40,001-50,000",142.0,1.34,6586423.0
3264,欣銓,2020-09-04,"400,001-600,000",30.0,3.19,15645524.0
3264,欣銓,2020-09-04,"5,001-10,000",2720.0,4.23,20773268.0
3264,欣銓,2020-09-04,"50,001-100,000",288.0,4.2,20635455.0
3264,欣銓,2020-09-04,"600,001-800,000",13.0,1.81,8911867.0
3264,欣銓,2020-09-04,"800,001-1,000,000",7.0,1.29,6359499.0
3264,欣銓,2020-09-04,"more than 1,000,001",61.0,59.4,291223291.0
3264,欣銓,2020-09-04,total,50283.0,100.0,490259176.0
3264,欣銓,2020-09-11,1-999,29997.0,0.32,1580646.0
3264,欣銓,2020-09-11,"1,000-5,000",14815.0,6.26,30707662.0
3264,欣銓,2020-09-11,"10,001-15,000",968.0,2.42,11886163.0
3264,欣銓,2020-09-11,"100,001-200,000",148.0,4.35,21342815.0
3264,欣銓,2020-09-11,"15,001-20,000",501.0,1.88,9241311.0
3264,欣銓,2020-09-11,"20,001-30,000",506.0,2.57,12617653.0
3264,欣銓,2020-09-11,"200,001-400,000",91.0,5.23,25672277.0
3264,欣銓,2020-09-11,"30,001-40,000",228.0,1.64,8076649.0
3264,欣銓,2020-09-11,"40,001-50,000",146.0,1.37,6751808.0
3264,欣銓,2020-09-11,"400,001-600,000",30.0,3.1,15222579.0
3264,欣銓,2020-09-11,"5,001-10,000",2749.0,4.29,21041766.0
3264,欣銓,2020-09-11,"50,001-100,000",295.0,4.3,21094657.0
3264,欣銓,2020-09-11,"600,001-800,000",14.0,1.97,9673867.0
3264,欣銓,2020-09-11,"800,001-1,000,000",9.0,1.7,8353032.0
3264,欣銓,2020-09-11,"more than 1,000,001",58.0,58.53,286996291.0
3264,欣銓,2020-09-11,total,50555.0,100.0,490259176.0
3264,欣銓,2020-09-18,1-999,29987.0,0.32,1582435.0
3264,欣銓,2020-09-18,"1,000-5,000",15317.0,6.41,31470553.0
3264,欣銓,2020-09-18,"10,001-15,000",957.0,2.39,11734044.0
3264,欣銓,2020-09-18,"100,001-200,000",147.0,4.33,21256290.0
3264,欣銓,2020-09-18,"15,001-20,000",483.0,1.81,8920848.0
3264,欣銓,2020-09-18,"20,001-30,000",488.0,2.49,12215341.0
3264,欣銓,2020-09-18,"200,001-400,000",87.0,4.97,24398277.0
3264,欣銓,2020-09-18,"30,001-40,000",233.0,1.68,8270654.0
3264,欣銓,2020-09-18,"40,001-50,000",140.0,1.32,6480218.0
3264,欣銓,2020-09-18,"400,001-600,000",30.0,3.08,15131579.0
3264,欣銓,2020-09-18,"5,001-10,000",2737.0,4.29,21042309.0
3264,欣銓,2020-09-18,"50,001-100,000",284.0,4.14,20326396.0
3264,欣銓,2020-09-18,"600,001-800,000",17.0,2.35,11535909.0
3264,欣銓,2020-09-18,"800,001-1,000,000",5.0,0.92,4515032.0
3264,欣銓,2020-09-18,"more than 1,000,001",60.0,59.43,291379291.0
3264,欣銓,2020-09-18,total,50972.0,100.0,490259176.0
3264,欣銓,2020-09-26,1-999,29947.0,0.32,1573963.0
3264,欣銓,2020-09-26,"1,000-5,000",14896.0,6.3,30932450.0
3264,欣銓,2020-09-26,"10,001-15,000",981.0,2.45,12049897.0
3264,欣銓,2020-09-26,"100,001-200,000",147.0,4.33,21242147.0
3264,欣銓,2020-09-26,"15,001-20,000",493.0,1.85,9099537.0
3264,欣銓,2020-09-26,"20,001-30,000",502.0,2.56,12565470.0
3264,欣銓,2020-09-26,"200,001-400,000",89.0,5.14,25200477.0
3264,欣銓,2020-09-26,"30,001-40,000",233.0,1.67,8225103.0
3264,欣銓,2020-09-26,"40,001-50,000",141.0,1.33,6523845.0
3264,欣銓,2020-09-26,"400,001-600,000",29.0,2.97,14567554.0
3264,欣銓,2020-09-26,"5,001-10,000",2765.0,4.32,21190858.0
3264,欣銓,2020-09-26,"50,001-100,000",294.0,4.26,20916151.0
3264,欣銓,2020-09-26,"600,001-800,000",13.0,1.73,8494934.0
3264,欣銓,2020-09-26,"800,001-1,000,000",8.0,1.42,6994499.0
3264,欣銓,2020-09-26,"more than 1,000,001",60.0,59.29,290682291.0
3264,欣銓,2020-09-26,total,50598.0,100.0,490259176.0
3264,欣銓,2020-09-30,1-999,29934.0,0.32,1569313.0
3264,欣銓,2020-09-30,"1,000-5,000",14740.0,6.25,30643070.0
3264,欣銓,2020-09-30,"10,001-15,000",961.0,2.4,11809740.0
3264,欣銓,2020-09-30,"100,001-200,000",149.0,4.4,21585562.0
3264,欣銓,2020-09-30,"15,001-20,000",502.0,1.89,9266545.0
3264,欣銓,2020-09-30,"20,001-30,000",511.0,2.61,12837237.0
3264,欣銓,2020-09-30,"200,001-400,000",87.0,5.06,24811700.0
3264,欣銓,2020-09-30,"30,001-40,000",230.0,1.65,8130256.0
3264,欣銓,2020-09-30,"40,001-50,000",145.0,1.36,6704723.0
3264,欣銓,2020-09-30,"400,001-600,000",32.0,3.22,15833297.0
3264,欣銓,2020-09-30,"5,001-10,000",2789.0,4.37,21430239.0
3264,欣銓,2020-09-30,"50,001-100,000",284.0,4.14,20302632.0
3264,欣銓,2020-09-30,"600,001-800,000",11.0,1.5,7389539.0
3264,欣銓,2020-09-30,"800,001-1,000,000",10.0,1.77,8699032.0
3264,欣銓,2020-09-30,"more than 1,000,001",60.0,58.99,289246291.0
3264,欣銓,2020-09-30,total,50445.0,100.0,490259176.0
3264,欣銓,2020-10-08,1-999,29932.0,0.32,1571629.0
3264,欣銓,2020-10-08,"1,000-5,000",14487.0,6.13,30093505.0
3264,欣銓,2020-10-08,"10,001-15,000",944.0,2.36,11584532.0
3264,欣銓,2020-10-08,"100,001-200,000",152.0,4.47,21961183.0
3264,欣銓,2020-10-08,"15,001-20,000",492.0,1.85,9089431.0
3264,欣銓,2020-10-08,"20,001-30,000",496.0,2.54,12469484.0
3264,欣銓,2020-10-08,"200,001-400,000",86.0,4.95,24313463.0
3264,欣銓,2020-10-08,"30,001-40,000",228.0,1.64,8045834.0
3264,欣銓,2020-10-08,"40,001-50,000",146.0,1.37,6716723.0
3264,欣銓,2020-10-08,"400,001-600,000",31.0,3.1,15243913.0
3264,欣銓,2020-10-08,"5,001-10,000",2748.0,4.3,21098985.0
3264,欣銓,2020-10-08,"50,001-100,000",280.0,4.07,19984632.0
3264,欣銓,2020-10-08,"600,001-800,000",15.0,2.06,10113072.0
3264,欣銓,2020-10-08,"800,001-1,000,000",8.0,1.45,7135499.0
3264,欣銓,2020-10-08,"more than 1,000,001",60.0,59.32,290837291.0
3264,欣銓,2020-10-08,total,50105.0,100.0,490259176.0
3264,欣銓,2020-10-16,1-999,29935.0,0.32,1573031.0
3264,欣銓,2020-10-16,"1,000-5,000",14502.0,6.13,30075863.0
3264,欣銓,2020-10-16,"10,001-15,000",936.0,2.33,11457842.0
3264,欣銓,2020-10-16,"100,001-200,000",154.0,4.56,22403644.0
3264,欣銓,2020-10-16,"15,001-20,000",484.0,1.81,8922092.0
3264,欣銓,2020-10-16,"20,001-30,000",493.0,2.51,12332766.0
3264,欣銓,2020-10-16,"200,001-400,000",87.0,4.99,24499463.0
3264,欣銓,2020-10-16,"30,001-40,000",236.0,1.69,8305778.0
3264,欣銓,2020-10-16,"40,001-50,000",137.0,1.28,6321282.0
3264,欣銓,2020-10-16,"400,001-600,000",28.0,2.8,13743048.0
3264,欣銓,2020-10-16,"5,001-10,000",2681.0,4.2,20593190.0
3264,欣銓,2020-10-16,"50,001-100,000",287.0,4.18,20509450.0
3264,欣銓,2020-10-16,"600,001-800,000",14.0,1.92,9448937.0
3264,欣銓,2020-10-16,"800,001-1,000,000",8.0,1.46,7203499.0
3264,欣銓,2020-10-16,"more than 1,000,001",61.0,59.73,292869291.0
3264,欣銓,2020-10-16,total,50043.0,100.0,490259176.0
3264,欣銓,2020-10-23,1-999,29934.0,0.32,1570943.0
3264,欣銓,2020-10-23,"1,000-5,000",14370.0,6.07,29781411.0
3264,欣銓,2020-10-23,"10,001-15,000",933.0,2.33,11427668.0
3264,欣銓,2020-10-23,"100,001-200,000",159.0,4.67,22933496.0
3264,欣銓,2020-10-23,"15,001-20,000",475.0,1.78,8740546.0
3264,欣銓,2020-10-23,"20,001-30,000",498.0,2.55,12510855.0
3264,欣銓,2020-10-23,"200,001-400,000",85.0,4.88,23959700.0
3264,欣銓,2020-10-23,"30,001-40,000",234.0,1.68,8284048.0
3264,欣銓,2020-10-23,"40,001-50,000",138.0,1.3,6416308.0
3264,欣銓,2020-10-23,"400,001-600,000",27.0,2.74,13435639.0
3264,欣銓,2020-10-23,"5,001-10,000",2646.0,4.13,20253106.0
3264,欣銓,2020-10-23,"50,001-100,000",281.0,4.09,20087320.0
3264,欣銓,2020-10-23,"600,001-800,000",14.0,1.93,9495948.0
3264,欣銓,2020-10-23,"800,001-1,000,000",11.0,2.01,9887897.0
3264,欣銓,2020-10-23,"more than 1,000,001",60.0,59.45,291474291.0
3264,欣銓,2020-10-23,total,49865.0,100.0,490259176.0
3264,欣銓,2020-10-30,1-999,29908.0,0.31,1567948.0
3264,欣銓,2020-10-30,"1,000-5,000",14228.0,6.01,29474040.0
3264,欣銓,2020-10-30,"10,001-15,000",910.0,2.26,11084876.0
3264,欣銓,2020-10-30,"100,001-200,000",150.0,4.41,21623376.0
3264,欣銓,2020-10-30,"15,001-20,000",482.0,1.81,8909285.0
3264,欣銓,2020-10-30,"20,001-30,000",492.0,2.52,12370378.0
3264,欣銓,2020-10-30,"200,001-400,000",86.0,4.9,24040463.0
3264,欣銓,2020-10-30,"30,001-40,000",229.0,1.65,8127133.0
3264,欣銓,2020-10-30,"40,001-50,000",142.0,1.34,6586678.0
3264,欣銓,2020-10-30,"400,001-600,000",30.0,3.07,15082876.0
3264,欣銓,2020-10-30,"5,001-10,000",2614.0,4.08,20029811.0
3264,欣銓,2020-10-30,"50,001-100,000",291.0,4.22,20705176.0
3264,欣銓,2020-10-30,"600,001-800,000",15.0,2.16,10636948.0
3264,欣銓,2020-10-30,"800,001-1,000,000",6.0,1.1,5417499.0
3264,欣銓,2020-10-30,"more than 1,000,001",62.0,60.09,294602689.0
3264,欣銓,2020-10-30,total,49645.0,100.0,490259176.0
3264,欣銓,2020-11-06,1-999,29839.0,0.31,1562385.0
3264,欣銓,2020-11-06,"1,000-5,000",14628.0,6.19,30373379.0
3264,欣銓,2020-11-06,"10,001-15,000",937.0,2.33,11445667.0
3264,欣銓,2020-11-06,"100,001-200,000",153.0,4.49,22028820.0
3264,欣銓,2020-11-06,"15,001-20,000",496.0,1.87,9173610.0
3264,欣銓,2020-11-06,"20,001-30,000",495.0,2.53,12422835.0
3264,欣銓,2020-11-06,"200,001-400,000",90.0,5.12,25123518.0
3264,欣銓,2020-11-06,"30,001-40,000",225.0,1.62,7988665.0
3264,欣銓,2020-11-06,"40,001-50,000",148.0,1.4,6890795.0
3264,欣銓,2020-11-06,"400,001-600,000",25.0,2.55,12508876.0
3264,欣銓,2020-11-06,"5,001-10,000",2664.0,4.17,20483263.0
3264,欣銓,2020-11-06,"50,001-100,000",292.0,4.26,20887227.0
3264,欣銓,2020-11-06,"600,001-800,000",17.0,2.44,11964948.0
3264,欣銓,2020-11-06,"800,001-1,000,000",5.0,0.95,4686499.0
3264,欣銓,2020-11-06,"more than 1,000,001",63.0,59.7,292718689.0
3264,欣銓,2020-11-06,total,50077.0,100.0,490259176.0
3264,欣銓,2020-11-13,1-999,29835.0,0.31,1561742.0
3264,欣銓,2020-11-13,"1,000-5,000",14148.0,5.97,29271632.0
3264,欣銓,2020-11-13,"5,001-10,000",2639.0,4.14,20312681.0
3264,欣銓,2020-11-13,"10,001-15,000",894.0,2.22,10902809.0
3264,欣銓,2020-11-13,"15,001-20,000",481.0,1.8,8869871.0
3264,欣銓,2020-11-13,"20,001-30,000",488.0,2.5,12266889.0
3264,欣銓,2020-11-13,"30,001-40,000",229.0,1.65,8122302.0
3264,欣銓,2020-11-13,"40,001-50,000",149.0,1.42,6988954.0
3264,欣銓,2020-11-13,"50,001-100,000",274.0,3.98,19526038.0
3264,欣銓,2020-11-13,"100,001-200,000",164.0,4.85,23789694.0
3264,欣銓,2020-11-13,"200,001-400,000",81.0,4.62,22662552.0
3264,欣銓,2020-11-13,"400,001-600,000",27.0,2.72,13347639.0
3264,欣銓,2020-11-13,"600,001-800,000",14.0,1.93,9497776.0
3264,欣銓,2020-11-13,"800,001-1,000,000",7.0,1.32,6471499.0
3264,欣銓,2020-11-13,"more than 1,000,001",66.0,60.51,296667098.0
3264,欣銓,2020-11-13,total,49496.0,100.0,490259176.0
3264,欣銓,2020-11-20,1-999,29821.0,0.31,1558739.0
3264,欣銓,2020-11-20,"1,000-5,000",14107.0,5.96,29240875.0
3264,欣銓,2020-11-20,"5,001-10,000",2587.0,4.04,19823490.0
3264,欣銓,2020-11-20,"10,001-15,000",884.0,2.19,10782981.0
3264,欣銓,2020-11-20,"15,001-20,000",477.0,1.79,8784165.0
3264,欣銓,2020-11-20,"20,001-30,000",486.0,2.48,12186145.0
3264,欣銓,2020-11-20,"30,001-40,000",221.0,1.59,7844135.0
3264,欣銓,2020-11-20,"40,001-50,000",144.0,1.37,6733798.0
3264,欣銓,2020-11-20,"50,001-100,000",274.0,3.99,19563554.0
3264,欣銓,2020-11-20,"100,001-200,000",161.0,4.79,23484161.0
3264,欣銓,2020-11-20,"200,001-400,000",79.0,4.52,22205552.0
3264,欣銓,2020-11-20,"400,001-600,000",27.0,2.7,13285106.0
3264,欣銓,2020-11-20,"600,001-800,000",13.0,1.79,8817072.0
3264,欣銓,2020-11-20,"800,001-1,000,000",8.0,1.46,7176499.0
3264,欣銓,2020-11-20,"more than 1,000,001",67.0,60.94,298772904.0
3264,欣銓,2020-11-20,total,49356.0,100.0,490259176.0
3264,欣銓,2020-11-27,1-999,29792.0,0.31,1562637.0
3264,欣銓,2020-11-27,"1,000-5,000",14562.0,6.11,29963900.0
3264,欣銓,2020-11-27,"5,001-10,000",2579.0,4.03,19800948.0
3264,欣銓,2020-11-27,"10,001-15,000",889.0,2.22,10897429.0
3264,欣銓,2020-11-27,"15,001-20,000",476.0,1.79,8810922.0
3264,欣銓,2020-11-27,"20,001-30,000",470.0,2.42,11866167.0
3264,欣銓,2020-11-27,"30,001-40,000",207.0,1.49,7313810.0
3264,欣銓,2020-11-27,"40,001-50,000",129.0,1.22,6024334.0
3264,欣銓,2020-11-27,"50,001-100,000",263.0,3.8,18651034.0
3264,欣銓,2020-11-27,"100,001-200,000",157.0,4.65,22812750.0
3264,欣銓,2020-11-27,"200,001-400,000",78.0,4.44,21795430.0
3264,欣銓,2020-11-27,"400,001-600,000",31.0,3.07,15086460.0
3264,欣銓,2020-11-27,"600,001-800,000",15.0,2.06,10122072.0
3264,欣銓,2020-11-27,"800,001-1,000,000",4.0,0.73,3612499.0
3264,欣銓,2020-11-27,"more than 1,000,001",68.0,61.58,301938784.0
3264,欣銓,2020-11-27,total,49720.0,100.0,490259176.0
3264,欣銓,2020-12-04,1-999,29754.0,0.31,1562731.0
3264,欣銓,2020-12-04,"1,000-5,000",13972.0,5.85,28716567.0
3264,欣銓,2020-12-04,"5,001-10,000",2514.0,3.93,19290239.0
3264,欣銓,2020-12-04,"10,001-15,000",867.0,2.15,10578112.0
3264,欣銓,2020-12-04,"15,001-20,000",473.0,1.78,8756978.0
3264,欣銓,2020-12-04,"20,001-30,000",462.0,2.39,11751029.0
3264,欣銓,2020-12-04,"30,001-40,000",198.0,1.42,6977999.0
3264,欣銓,2020-12-04,"40,001-50,000",131.0,1.24,6092955.0
3264,欣銓,2020-12-04,"50,001-100,000",254.0,3.69,18129923.0
3264,欣銓,2020-12-04,"100,001-200,000",149.0,4.43,21755732.0
3264,欣銓,2020-12-04,"200,001-400,000",82.0,4.67,22929160.0
3264,欣銓,2020-12-04,"400,001-600,000",27.0,2.71,13299051.0
3264,欣銓,2020-12-04,"600,001-800,000",13.0,1.78,8733948.0
3264,欣銓,2020-12-04,"800,001-1,000,000",6.0,1.07,5291032.0
3264,欣銓,2020-12-04,"more than 1,000,001",70.0,62.49,306393720.0
3264,欣銓,2020-12-04,total,48972.0,100.0,490259176.0
3264,欣銓,2020-12-11,1-999,29651.0,0.31,1554161.0
3264,欣銓,2020-12-11,"1,000-5,000",13740.0,5.71,28025756.0
3264,欣銓,2020-12-11,"5,001-10,000",2449.0,3.83,18778275.0
3264,欣銓,2020-12-11,"10,001-15,000",864.0,2.15,10586943.0
3264,欣銓,2020-12-11,"15,001-20,000",442.0,1.66,8156178.0
3264,欣銓,2020-12-11,"20,001-30,000",468.0,2.41,11854570.0
3264,欣銓,2020-12-11,"30,001-40,000",197.0,1.41,6947482.0
3264,欣銓,2020-12-11,"40,001-50,000",138.0,1.31,6442678.0
3264,欣銓,2020-12-11,"50,001-100,000",246.0,3.57,17509795.0
3264,欣銓,2020-12-11,"100,001-200,000",153.0,4.5,22107427.0
3264,欣銓,2020-12-11,"200,001-400,000",80.0,4.56,22370160.0
3264,欣銓,2020-12-11,"400,001-600,000",30.0,3.03,14878093.0
3264,欣銓,2020-12-11,"600,001-800,000",15.0,2.14,10534906.0
3264,欣銓,2020-12-11,"800,001-1,000,000",6.0,1.07,5292211.0
3264,欣銓,2020-12-11,"more than 1,000,001",68.0,62.25,305220541.0
3264,欣銓,2020-12-11,total,48547.0,100.0,490259176.0
3264,欣銓,2020-12-18,1-999,29581.0,0.31,1543904.0
3264,欣銓,2020-12-18,"1,000-5,000",13899.0,5.82,28533819.0
3264,欣銓,2020-12-18,"5,001-10,000",2500.0,3.89,19095941.0
3264,欣銓,2020-12-18,"10,001-15,000",894.0,2.23,10968416.0
3264,欣銓,2020-12-18,"15,001-20,000",458.0,1.72,8448062.0
3264,欣銓,2020-12-18,"20,001-30,000",490.0,2.51,12313602.0
3264,欣銓,2020-12-18,"30,001-40,000",207.0,1.48,7277508.0
3264,欣銓,2020-12-18,"40,001-50,000",135.0,1.28,6279800.0
3264,欣銓,2020-12-18,"50,001-100,000",241.0,3.47,17058055.0
3264,欣銓,2020-12-18,"100,001-200,000",150.0,4.41,21635427.0
3264,欣銓,2020-12-18,"200,001-400,000",83.0,4.77,23409105.0
3264,欣銓,2020-12-18,"400,001-600,000",27.0,2.72,13346148.0
3264,欣銓,2020-12-18,"600,001-800,000",15.0,2.1,10311497.0
3264,欣銓,2020-12-18,"800,001-1,000,000",10.0,1.84,9063678.0
3264,欣銓,2020-12-18,"more than 1,000,001",65.0,61.39,300974214.0
3264,欣銓,2020-12-18,total,48755.0,100.0,490259176.0
3264,欣銓,2020-12-25,1-999,29543.0,0.31,1540081.0
3264,欣銓,2020-12-25,"1,000-5,000",14042.0,5.91,28996692.0
3264,欣銓,2020-12-25,"5,001-10,000",2523.0,3.94,19334097.0
3264,欣銓,2020-12-25,"10,001-15,000",921.0,2.31,11325300.0
3264,欣銓,2020-12-25,"15,001-20,000",452.0,1.69,8318322.0
3264,欣銓,2020-12-25,"20,001-30,000",496.0,2.55,12525917.0
3264,欣銓,2020-12-25,"30,001-40,000",205.0,1.47,7237056.0
3264,欣銓,2020-12-25,"40,001-50,000",140.0,1.32,6508800.0
3264,欣銓,2020-12-25,"50,001-100,000",238.0,3.4,16692955.0
3264,欣銓,2020-12-25,"100,001-200,000",148.0,4.41,21622435.0
3264,欣銓,2020-12-25,"200,001-400,000",79.0,4.48,22000105.0
3264,欣銓,2020-12-25,"400,001-600,000",25.0,2.49,12208816.0
3264,欣銓,2020-12-25,"600,001-800,000",16.0,2.24,10992829.0
3264,欣銓,2020-12-25,"800,001-1,000,000",10.0,1.84,9029324.0
3264,欣銓,2020-12-25,"more than 1,000,001",66.0,61.58,301926447.0
3264,欣銓,2020-12-25,total,48904.0,100.0,490259176.0
3264,欣銓,2020-12-31,1-999,29520.0,0.31,1536818.0
3264,欣銓,2020-12-31,"1,000-5,000",14001.0,5.91,28988219.0
3264,欣銓,2020-12-31,"5,001-10,000",2585.0,4.04,19807474.0
3264,欣銓,2020-12-31,"10,001-15,000",919.0,2.3,11300051.0
3264,欣銓,2020-12-31,"15,001-20,000",458.0,1.71,8403207.0
3264,欣銓,2020-12-31,"20,001-30,000",483.0,2.47,12137903.0
3264,欣銓,2020-12-31,"30,001-40,000",211.0,1.51,7450080.0
3264,欣銓,2020-12-31,"40,001-50,000",134.0,1.26,6207019.0
3264,欣銓,2020-12-31,"50,001-100,000",243.0,3.49,17153857.0
3264,欣銓,2020-12-31,"100,001-200,000",143.0,4.24,20814929.0
3264,欣銓,2020-12-31,"200,001-400,000",82.0,4.62,22693598.0
3264,欣銓,2020-12-31,"400,001-600,000",26.0,2.57,12627462.0
3264,欣銓,2020-12-31,"600,001-800,000",16.0,2.24,11024829.0
3264,欣銓,2020-12-31,"800,001-1,000,000",10.0,1.85,9091064.0
3264,欣銓,2020-12-31,"more than 1,000,001",65.0,61.4,301022666.0
3264,欣銓,2020-12-31,total,48896.0,100.0,490259176.0
3264,欣銓,2021-01-08,1-999,29476.0,0.31,1528828.0
3264,欣銓,2021-01-08,"1,000-5,000",13737.0,5.78,28349467.0
3264,欣銓,2021-01-08,"5,001-10,000",2523.0,3.93,19297242.0
3264,欣銓,2021-01-08,"10,001-15,000",922.0,2.31,11352683.0
3264,欣銓,2021-01-08,"15,001-20,000",471.0,1.77,8677604.0
3264,欣銓,2021-01-08,"20,001-30,000",485.0,2.49,12239985.0
3264,欣銓,2021-01-08,"30,001-40,000",213.0,1.53,7515624.0
3264,欣銓,2021-01-08,"40,001-50,000",143.0,1.35,6646388.0
3264,欣銓,2021-01-08,"50,001-100,000",242.0,3.5,17202860.0
3264,欣銓,2021-01-08,"100,001-200,000",140.0,4.1,20137929.0
3264,欣銓,2021-01-08,"200,001-400,000",84.0,4.73,23216615.0
3264,欣銓,2021-01-08,"400,001-600,000",28.0,2.78,13671225.0
3264,欣銓,2021-01-08,"600,001-800,000",15.0,2.11,10393362.0
3264,欣銓,2021-01-08,"800,001-1,000,000",7.0,1.31,6442531.0
3264,欣銓,2021-01-08,"more than 1,000,001",67.0,61.92,303586833.0
3264,欣銓,2021-01-08,total,48553.0,100.0,490259176.0
3264,欣銓,2021-01-15,1-999,29473.0,0.31,1533527.0
3264,欣銓,2021-01-15,"1,000-5,000",14931.0,6.16,30238338.0
3264,欣銓,2021-01-15,"5,001-10,000",2562.0,4.01,19677658.0
3264,欣銓,2021-01-15,"10,001-15,000",878.0,2.2,10813912.0
3264,欣銓,2021-01-15,"15,001-20,000",474.0,1.78,8751673.0
3264,欣銓,2021-01-15,"20,001-30,000",476.0,2.45,12033247.0
3264,欣銓,2021-01-15,"30,001-40,000",202.0,1.45,7136527.0
3264,欣銓,2021-01-15,"40,001-50,000",148.0,1.4,6905665.0
3264,欣銓,2021-01-15,"50,001-100,000",236.0,3.46,16966621.0
3264,欣銓,2021-01-15,"100,001-200,000",137.0,4.04,19817218.0
3264,欣銓,2021-01-15,"200,001-400,000",79.0,4.49,22034557.0
3264,欣銓,2021-01-15,"400,001-600,000",27.0,2.71,13317170.0
3264,欣銓,2021-01-15,"600,001-800,000",17.0,2.34,11520829.0
3264,欣銓,2021-01-15,"800,001-1,000,000",9.0,1.69,8320873.0
3264,欣銓,2021-01-15,"more than 1,000,001",66.0,61.43,301191361.0
3264,欣銓,2021-01-15,total,49715.0,100.0,490259176.0
3264,欣銓,2021-01-22,1-999,29477.0,0.31,1532898.0
3264,欣銓,2021-01-22,"1,000-5,000",15115.0,6.22,30524551.0
3264,欣銓,2021-01-22,"5,001-10,000",2500.0,3.92,19260017.0
3264,欣銓,2021-01-22,"10,001-15,000",858.0,2.15,10579530.0
3264,欣銓,2021-01-22,"15,001-20,000",455.0,1.71,8384294.0
3264,欣銓,2021-01-22,"20,001-30,000",465.0,2.4,11772347.0
3264,欣銓,2021-01-22,"30,001-40,000",214.0,1.54,7576034.0
3264,欣銓,2021-01-22,"40,001-50,000",137.0,1.3,6410709.0
3264,欣銓,2021-01-22,"50,001-100,000",229.0,3.36,16472914.0
3264,欣銓,2021-01-22,"100,001-200,000",141.0,4.13,20279062.0
3264,欣銓,2021-01-22,"200,001-400,000",78.0,4.42,21701557.0
3264,欣銓,2021-01-22,"400,001-600,000",24.0,2.38,11694995.0
3264,欣銓,2021-01-22,"600,001-800,000",20.0,2.79,13696829.0
3264,欣銓,2021-01-22,"800,001-1,000,000",10.0,1.82,8933227.0
3264,欣銓,2021-01-22,"more than 1,000,001",68.0,61.48,301433012.0
3264,欣銓,2021-01-22,total,49791.0,100.0,490251976.0
3264,欣銓,2021-01-29,1-999,29470.0,0.31,1536023.0
3264,欣銓,2021-01-29,"1,000-5,000",14053.0,5.74,28156077.0
3264,欣銓,2021-01-29,"5,001-10,000",2321.0,3.64,17873036.0
3264,欣銓,2021-01-29,"10,001-15,000",815.0,2.04,10010813.0
3264,欣銓,2021-01-29,"15,001-20,000",444.0,1.67,8204832.0
3264,欣銓,2021-01-29,"20,001-30,000",420.0,2.15,10544804.0
3264,欣銓,2021-01-29,"30,001-40,000",195.0,1.4,6870719.0
3264,欣銓,2021-01-29,"40,001-50,000",126.0,1.2,5885705.0
3264,欣銓,2021-01-29,"50,001-100,000",222.0,3.23,15847189.0
3264,欣銓,2021-01-29,"100,001-200,000",139.0,4.06,19907529.0
3264,欣銓,2021-01-29,"200,001-400,000",79.0,4.47,21940092.0
3264,欣銓,2021-01-29,"400,001-600,000",28.0,2.8,13759373.0
3264,欣銓,2021-01-29,"600,001-800,000",15.0,2.09,10289362.0
3264,欣銓,2021-01-29,"800,001-1,000,000",10.0,1.85,9080818.0
3264,欣銓,2021-01-29,"more than 1,000,001",72.0,63.3,310345604.0
3264,欣銓,2021-01-29,total,48409.0,100.0,490251976.0
3264,欣銓,2021-02-05,1-999,29562.0,0.31,1553627.0
3264,欣銓,2021-02-05,"1,000-5,000",13176.0,5.3,25984971.0
3264,欣銓,2021-02-05,"5,001-10,000",2107.0,3.29,16138715.0
3264,欣銓,2021-02-05,"10,001-15,000",735.0,1.83,9015871.0
3264,欣銓,2021-02-05,"15,001-20,000",424.0,1.59,7838478.0
3264,欣銓,2021-02-05,"20,001-30,000",368.0,1.89,9312243.0
3264,欣銓,2021-02-05,"30,001-40,000",178.0,1.27,6242295.0
3264,欣銓,2021-02-05,"40,001-50,000",115.0,1.09,5354400.0
3264,欣銓,2021-02-05,"50,001-100,000",214.0,3.11,15255694.0
3264,欣銓,2021-02-05,"100,001-200,000",146.0,4.45,21844567.0
3264,欣銓,2021-02-05,"200,001-400,000",85.0,4.77,23420092.0
3264,欣銓,2021-02-05,"400,001-600,000",30.0,2.98,14626194.0
3264,欣銓,2021-02-05,"600,001-800,000",18.0,2.63,12899829.0
3264,欣銓,2021-02-05,"800,001-1,000,000",10.0,1.87,9207406.0
3264,欣銓,2021-02-05,"more than 1,000,001",74.0,63.55,311557594.0
3264,欣銓,2021-02-05,total,47242.0,100.0,490251976.0
3264,欣銓,2021-02-09,1-999,29573.0,0.31,1559224.0
3264,欣銓,2021-02-09,"1,000-5,000",13934.0,5.58,27382546.0
3264,欣銓,2021-02-09,"5,001-10,000",2178.0,3.41,16725673.0
3264,欣銓,2021-02-09,"10,001-15,000",762.0,1.9,9360706.0
3264,欣銓,2021-02-09,"15,001-20,000",423.0,1.6,7864926.0
3264,欣銓,2021-02-09,"20,001-30,000",376.0,1.94,9534377.0
3264,欣銓,2021-02-09,"30,001-40,000",186.0,1.33,6545206.0
3264,欣銓,2021-02-09,"40,001-50,000",118.0,1.12,5503850.0
3264,欣銓,2021-02-09,"50,001-100,000",216.0,3.16,15523579.0
3264,欣銓,2021-02-09,"100,001-200,000",142.0,4.31,21150298.0
3264,欣銓,2021-02-09,"200,001-400,000",85.0,4.84,23765092.0
3264,欣銓,2021-02-09,"400,001-600,000",30.0,3.02,14823194.0
3264,欣銓,2021-02-09,"600,001-800,000",16.0,2.34,11472829.0
3264,欣銓,2021-02-09,"800,001-1,000,000",11.0,2.03,9955873.0
3264,欣銓,2021-02-09,"more than 1,000,001",76.0,63.04,309084603.0
3264,欣銓,2021-02-09,total,48126.0,100.0,490251976.0
3264,欣銓,2021-02-20,1-999,29575.0,0.31,1558725.0
3264,欣銓,2021-02-20,"1,000-5,000",15310.0,6.15,30198082.0
3264,欣銓,2021-02-20,"5,001-10,000",2346.0,3.68,18071761.0
3264,欣銓,2021-02-20,"10,001-15,000",776.0,1.94,9523642.0
3264,欣銓,2021-02-20,"15,001-20,000",410.0,1.55,7610072.0
3264,欣銓,2021-02-20,"20,001-30,000",378.0,1.94,9514353.0
3264,欣銓,2021-02-20,"30,001-40,000",176.0,1.25,6171840.0
3264,欣銓,2021-02-20,"40,001-50,000",118.0,1.12,5511524.0
3264,欣銓,2021-02-20,"50,001-100,000",229.0,3.39,16624470.0
3264,欣銓,2021-02-20,"100,001-200,000",138.0,4.12,20238823.0
3264,欣銓,2021-02-20,"200,001-400,000",91.0,5.13,25191092.0
3264,欣銓,2021-02-20,"400,001-600,000",31.0,3.13,15385419.0
3264,欣銓,2021-02-20,"600,001-800,000",19.0,2.75,13527815.0
3264,欣銓,2021-02-20,"800,001-1,000,000",8.0,1.49,7337374.0
3264,欣銓,2021-02-20,"more than 1,000,001",75.0,61.96,303786984.0
3264,欣銓,2021-02-20,total,49680.0,100.0,490251976.0
3264,欣銓,2021-02-26,1-999,29562.0,0.31,1547088.0
3264,欣銓,2021-02-26,"1,000-5,000",17668.0,7.26,35632637.0
3264,欣銓,2021-02-26,"5,001-10,000",2668.0,4.22,20723810.0
3264,欣銓,2021-02-26,"10,001-15,000",877.0,2.22,10884073.0
3264,欣銓,2021-02-26,"15,001-20,000",479.0,1.81,8898887.0
3264,欣銓,2021-02-26,"20,001-30,000",441.0,2.28,11212181.0
3264,欣銓,2021-02-26,"30,001-40,000",194.0,1.39,6849646.0
3264,欣銓,2021-02-26,"40,001-50,000",136.0,1.29,6357443.0
3264,欣銓,2021-02-26,"50,001-100,000",229.0,3.46,16992940.0
3264,欣銓,2021-02-26,"100,001-200,000",139.0,4.19,20589229.0
3264,欣銓,2021-02-26,"200,001-400,000",86.0,4.82,23640816.0
3264,欣銓,2021-02-26,"400,001-600,000",31.0,3.09,15159759.0
3264,欣銓,2021-02-26,"600,001-800,000",14.0,1.99,9783815.0
3264,欣銓,2021-02-26,"800,001-1,000,000",10.0,1.83,8992020.0
3264,欣銓,2021-02-26,"more than 1,000,001",74.0,59.76,292987632.0
3264,欣銓,2021-02-26,total,52608.0,100.0,490251976.0
3264,欣銓,2021-03-05,1-999,29637.0,0.31,1547160.0
3264,欣銓,2021-03-05,"1,000-5,000",18731.0,7.75,37998124.0
3264,欣銓,2021-03-05,"5,001-10,000",2917.0,4.6,22585608.0
3264,欣銓,2021-03-05,"10,001-15,000",921.0,2.33,11431774.0
3264,欣銓,2021-03-05,"15,001-20,000",508.0,1.93,9476398.0
3264,欣銓,2021-03-05,"20,001-30,000",459.0,2.38,11685992.0
3264,欣銓,2021-03-05,"30,001-40,000",221.0,1.58,7793256.0
3264,欣銓,2021-03-05,"40,001-50,000",137.0,1.31,6428129.0
3264,欣銓,2021-03-05,"50,001-100,000",233.0,3.46,17000863.0
3264,欣銓,2021-03-05,"100,001-200,000",138.0,4.19,20587863.0
3264,欣銓,2021-03-05,"200,001-400,000",90.0,5.08,24907816.0
3264,欣銓,2021-03-05,"400,001-600,000",28.0,2.81,13777727.0
3264,欣銓,2021-03-05,"600,001-800,000",16.0,2.31,11340815.0
3264,欣銓,2021-03-05,"800,001-1,000,000",14.0,2.57,12645467.0
3264,欣銓,2021-03-05,"more than 1,000,001",69.0,57.32,281044984.0
3264,欣銓,2021-03-05,total,54119.0,100.0,490251976.0
3264,欣銓,2021-03-12,1-999,29694.0,0.31,1543864.0
3264,欣銓,2021-03-12,"1,000-5,000",19306.0,8.04,39425313.0
3264,欣銓,2021-03-12,"5,001-10,000",3012.0,4.76,23382054.0
3264,欣銓,2021-03-12,"10,001-15,000",942.0,2.38,11716144.0
3264,欣銓,2021-03-12,"15,001-20,000",529.0,2.0,9845410.0
3264,欣銓,2021-03-12,"20,001-30,000",475.0,2.45,12040759.0
3264,欣銓,2021-03-12,"30,001-40,000",231.0,1.66,8143535.0
3264,欣銓,2021-03-12,"40,001-50,000",148.0,1.41,6928994.0
3264,欣銓,2021-03-12,"50,001-100,000",240.0,3.57,17540790.0
3264,欣銓,2021-03-12,"100,001-200,000",142.0,4.28,21028826.0
3264,欣銓,2021-03-12,"200,001-400,000",92.0,5.1,25006533.0
3264,欣銓,2021-03-12,"400,001-600,000",26.0,2.59,12745194.0
3264,欣銓,2021-03-12,"600,001-800,000",15.0,2.15,10548815.0
3264,欣銓,2021-03-12,"800,001-1,000,000",15.0,2.72,13365841.0
3264,欣銓,2021-03-12,"more than 1,000,001",71.0,56.49,276989904.0
3264,欣銓,2021-03-12,total,54938.0,100.0,490251976.0
3264,欣銓,2021-03-19,1-999,29701.0,0.31,1538796.0
3264,欣銓,2021-03-19,"1,000-5,000",19873.0,8.31,40753628.0
3264,欣銓,2021-03-19,"5,001-10,000",3131.0,4.98,24435494.0
3264,欣銓,2021-03-19,"10,001-15,000",928.0,2.35,11525238.0
3264,欣銓,2021-03-19,"15,001-20,000",538.0,2.03,9975979.0
3264,欣銓,2021-03-19,"20,001-30,000",477.0,2.47,12138732.0
3264,欣銓,2021-03-19,"30,001-40,000",241.0,1.73,8526528.0
3264,欣銓,2021-03-19,"40,001-50,000",148.0,1.4,6888888.0
3264,欣銓,2021-03-19,"50,001-100,000",251.0,3.71,18226520.0
3264,欣銓,2021-03-19,"100,001-200,000",140.0,4.23,20768826.0
3264,欣銓,2021-03-19,"200,001-400,000",98.0,5.45,26758670.0
3264,欣銓,2021-03-19,"400,001-600,000",23.0,2.33,11446194.0
3264,欣銓,2021-03-19,"600,001-800,000",15.0,2.18,10696815.0
3264,欣銓,2021-03-19,"800,001-1,000,000",14.0,2.5,12303841.0
3264,欣銓,2021-03-19,"more than 1,000,001",69.0,55.94,274267827.0
3264,欣銓,2021-03-19,total,55647.0,100.0,490251976.0
3264,欣銓,2021-03-26,1-999,29819.0,0.31,1546119.0
3264,欣銓,2021-03-26,"1,000-5,000",19942.0,8.24,40398052.0
3264,欣銓,2021-03-26,"5,001-10,000",3065.0,4.88,23927760.0
3264,欣銓,2021-03-26,"10,001-15,000",908.0,2.3,11288422.0
3264,欣銓,2021-03-26,"15,001-20,000",526.0,1.99,9769472.0
3264,欣銓,2021-03-26,"20,001-30,000",472.0,2.45,12041296.0
3264,欣銓,2021-03-26,"30,001-40,000",233.0,1.67,8229829.0
3264,欣銓,2021-03-26,"40,001-50,000",145.0,1.37,6754248.0
3264,欣銓,2021-03-26,"50,001-100,000",241.0,3.52,17270149.0
3264,欣銓,2021-03-26,"100,001-200,000",145.0,4.33,21234708.0
3264,欣銓,2021-03-26,"200,001-400,000",100.0,5.55,27237684.0
3264,欣銓,2021-03-26,"400,001-600,000",26.0,2.61,12819685.0
3264,欣銓,2021-03-26,"600,001-800,000",15.0,2.12,10441815.0
3264,欣銓,2021-03-26,"800,001-1,000,000",13.0,2.35,11534841.0
3264,欣銓,2021-03-26,"more than 1,000,001",69.0,56.24,275757896.0
3264,欣銓,2021-03-26,total,55719.0,100.0,490251976.0
3264,欣銓,2021-04-01,1-999,29906.0,0.31,1538454.0
3264,欣銓,2021-04-01,"1,000-5,000",20270.0,8.31,40766316.0
3264,欣銓,2021-04-01,"5,001-10,000",3085.0,4.92,24131413.0
3264,欣銓,2021-04-01,"10,001-15,000",918.0,2.32,11417419.0
3264,欣銓,2021-04-01,"15,001-20,000",528.0,2.0,9827313.0
3264,欣銓,2021-04-01,"20,001-30,000",468.0,2.43,11912635.0
3264,欣銓,2021-04-01,"30,001-40,000",237.0,1.7,8361350.0
3264,欣銓,2021-04-01,"40,001-50,000",137.0,1.3,6421000.0
3264,欣銓,2021-04-01,"50,001-100,000",245.0,3.55,17403767.0
3264,欣銓,2021-04-01,"100,001-200,000",148.0,4.42,21703887.0
3264,欣銓,2021-04-01,"200,001-400,000",96.0,5.27,25838491.0
3264,欣銓,2021-04-01,"400,001-600,000",27.0,2.72,13368685.0
3264,欣銓,2021-04-01,"600,001-800,000",14.0,1.93,9502829.0
3264,欣銓,2021-04-01,"800,001-1,000,000",12.0,2.17,10669841.0
3264,欣銓,2021-04-01,"more than 1,000,001",71.0,56.57,277328576.0
3264,欣銓,2021-04-01,total,56162.0,100.0,490191976.0
3264,欣銓,2021-04-09,1-999,29927.0,0.31,1530394.0
3264,欣銓,2021-04-09,"1,000-5,000",19745.0,8.05,39482998.0
3264,欣銓,2021-04-09,"5,001-10,000",2954.0,4.7,23086773.0
3264,欣銓,2021-04-09,"10,001-15,000",924.0,2.34,11478622.0
3264,欣銓,2021-04-09,"15,001-20,000",505.0,1.92,9421236.0
3264,欣銓,2021-04-09,"20,001-30,000",470.0,2.43,11944221.0
3264,欣銓,2021-04-09,"30,001-40,000",231.0,1.66,8167817.0
3264,欣銓,2021-04-09,"40,001-50,000",142.0,1.35,6666000.0
3264,欣銓,2021-04-09,"50,001-100,000",241.0,3.46,16975180.0
3264,欣銓,2021-04-09,"100,001-200,000",154.0,4.6,22596727.0
3264,欣銓,2021-04-09,"200,001-400,000",88.0,4.83,23687404.0
3264,欣銓,2021-04-09,"400,001-600,000",27.0,2.74,13439864.0
3264,欣銓,2021-04-09,"600,001-800,000",15.0,2.12,10407829.0
3264,欣銓,2021-04-09,"800,001-1,000,000",11.0,2.0,9832841.0
3264,欣銓,2021-04-09,"more than 1,000,001",71.0,57.42,281474070.0
3264,欣銓,2021-04-09,total,55505.0,100.0,490191976.0
3264,欣銓,2021-04-16,1-999,29915.0,0.31,1532331.0
3264,欣銓,2021-04-16,"1,000-5,000",19457.0,7.96,39057427.0
3264,欣銓,2021-04-16,"5,001-10,000",2952.0,4.71,23093484.0
3264,欣銓,2021-04-16,"10,001-15,000",912.0,2.3,11277350.0
3264,欣銓,2021-04-16,"15,001-20,000",516.0,1.95,9606175.0
3264,欣銓,2021-04-16,"20,001-30,000",496.0,2.58,12676179.0
3264,欣銓,2021-04-16,"30,001-40,000",232.0,1.67,8234531.0
3264,欣銓,2021-04-16,"40,001-50,000",132.0,1.26,6199942.0
3264,欣銓,2021-04-16,"50,001-100,000",246.0,3.59,17617916.0
3264,欣銓,2021-04-16,"100,001-200,000",150.0,4.51,22155966.0
3264,欣銓,2021-04-16,"200,001-400,000",87.0,4.83,23695670.0
3264,欣銓,2021-04-16,"400,001-600,000",27.0,2.7,13253685.0
3264,欣銓,2021-04-16,"600,001-800,000",15.0,2.1,10329829.0
3264,欣銓,2021-04-16,"800,001-1,000,000",11.0,1.97,9660841.0
3264,欣銓,2021-04-16,"more than 1,000,001",68.0,57.48,281800650.0
3264,欣銓,2021-04-16,total,55216.0,100.0,490191976.0
