stock_id,stock_name,date,HoldingSharesLevel,people,percent,unit
6113,亞矽,2017-10-06,1-999,733.0,0.24,121184.0
6113,亞矽,2017-10-06,"1,000-5,000",1000.0,4.55,2281911.0
6113,亞矽,2017-10-06,"10,001-15,000",64.0,1.63,816950.0
6113,亞矽,2017-10-06,"100,001-200,000",20.0,5.77,2889530.0
6113,亞矽,2017-10-06,"15,001-20,000",57.0,2.15,1079616.0
6113,亞矽,2017-10-06,"20,001-30,000",58.0,2.94,1471958.0
6113,亞矽,2017-10-06,"200,001-400,000",5.0,3.0,1502000.0
6113,亞矽,2017-10-06,"30,001-40,000",21.0,1.45,729065.0
6113,亞矽,2017-10-06,"40,001-50,000",16.0,1.47,738740.0
6113,亞矽,2017-10-06,"400,001-600,000",0.0,0.0,0.0
6113,亞矽,2017-10-06,"5,001-10,000",227.0,3.79,1898717.0
6113,亞矽,2017-10-06,"50,001-100,000",38.0,5.23,2622208.0
6113,亞矽,2017-10-06,"600,001-800,000",2.0,2.75,1380748.0
6113,亞矽,2017-10-06,"800,001-1,000,000",0.0,0.0,0.0
6113,亞矽,2017-10-06,"more than 1,000,001",10.0,64.96,32514473.0
6113,亞矽,2017-10-06,total,2251.0,100.0,50047100.0
6113,亞矽,2017-10-13,1-999,733.0,0.24,121442.0
6113,亞矽,2017-10-13,"1,000-5,000",995.0,4.54,2273653.0
6113,亞矽,2017-10-13,"10,001-15,000",64.0,1.63,816950.0
6113,亞矽,2017-10-13,"100,001-200,000",19.0,5.35,2681530.0
6113,亞矽,2017-10-13,"15,001-20,000",57.0,2.15,1078616.0
6113,亞矽,2017-10-13,"20,001-30,000",56.0,2.83,1418958.0
6113,亞矽,2017-10-13,"200,001-400,000",6.0,3.45,1730000.0
6113,亞矽,2017-10-13,"30,001-40,000",23.0,1.59,797065.0
6113,亞矽,2017-10-13,"40,001-50,000",15.0,1.38,694740.0
6113,亞矽,2017-10-13,"400,001-600,000",0.0,0.0,0.0
6113,亞矽,2017-10-13,"5,001-10,000",225.0,3.77,1887717.0
6113,亞矽,2017-10-13,"50,001-100,000",38.0,5.25,2630208.0
6113,亞矽,2017-10-13,"600,001-800,000",2.0,2.82,1413748.0
6113,亞矽,2017-10-13,"800,001-1,000,000",0.0,0.0,0.0
6113,亞矽,2017-10-13,"more than 1,000,001",10.0,64.94,32502473.0
6113,亞矽,2017-10-13,total,2243.0,100.0,50047100.0
6113,亞矽,2017-10-20,1-999,732.0,0.24,120549.0
6113,亞矽,2017-10-20,"1,000-5,000",990.0,4.53,2270546.0
6113,亞矽,2017-10-20,"10,001-15,000",65.0,1.66,831950.0
6113,亞矽,2017-10-20,"100,001-200,000",20.0,5.73,2871530.0
6113,亞矽,2017-10-20,"15,001-20,000",56.0,2.11,1060616.0
6113,亞矽,2017-10-20,"20,001-30,000",59.0,2.98,1494958.0
6113,亞矽,2017-10-20,"200,001-400,000",5.0,3.01,1511000.0
6113,亞矽,2017-10-20,"30,001-40,000",22.0,1.52,762065.0
6113,亞矽,2017-10-20,"40,001-50,000",15.0,1.38,694740.0
6113,亞矽,2017-10-20,"400,001-600,000",0.0,0.0,0.0
6113,亞矽,2017-10-20,"5,001-10,000",224.0,3.75,1878717.0
6113,亞矽,2017-10-20,"50,001-100,000",38.0,5.25,2630208.0
6113,亞矽,2017-10-20,"600,001-800,000",2.0,2.83,1419748.0
6113,亞矽,2017-10-20,"800,001-1,000,000",0.0,0.0,0.0
6113,亞矽,2017-10-20,"more than 1,000,001",10.0,64.93,32500473.0
6113,亞矽,2017-10-20,total,2238.0,100.0,50047100.0
6113,亞矽,2017-10-27,1-999,732.0,0.24,120213.0
6113,亞矽,2017-10-27,"1,000-5,000",988.0,4.52,2262176.0
6113,亞矽,2017-10-27,"10,001-15,000",66.0,1.68,842950.0
6113,亞矽,2017-10-27,"100,001-200,000",18.0,5.14,2573530.0
6113,亞矽,2017-10-27,"15,001-20,000",58.0,2.19,1096616.0
6113,亞矽,2017-10-27,"20,001-30,000",58.0,2.93,1467958.0
6113,亞矽,2017-10-27,"200,001-400,000",5.0,2.97,1489000.0
6113,亞矽,2017-10-27,"30,001-40,000",20.0,1.39,697065.0
6113,亞矽,2017-10-27,"40,001-50,000",14.0,1.29,645740.0
6113,亞矽,2017-10-27,"400,001-600,000",1.0,1.08,541000.0
6113,亞矽,2017-10-27,"5,001-10,000",225.0,3.78,1892423.0
6113,亞矽,2017-10-27,"50,001-100,000",40.0,5.58,2796208.0
6113,亞矽,2017-10-27,"600,001-800,000",2.0,2.86,1432748.0
6113,亞矽,2017-10-27,"800,001-1,000,000",1.0,1.76,884000.0
6113,亞矽,2017-10-27,"more than 1,000,001",9.0,62.55,31305473.0
6113,亞矽,2017-10-27,total,2237.0,100.0,50047100.0
6113,亞矽,2017-11-10,1-999,733.0,0.24,120266.0
6113,亞矽,2017-11-10,"1,000-5,000",978.0,4.46,2233417.0
6113,亞矽,2017-11-10,"10,001-15,000",67.0,1.71,858950.0
6113,亞矽,2017-11-10,"100,001-200,000",18.0,5.13,2567530.0
6113,亞矽,2017-11-10,"15,001-20,000",57.0,2.14,1075616.0
6113,亞矽,2017-11-10,"20,001-30,000",59.0,2.99,1500958.0
6113,亞矽,2017-11-10,"200,001-400,000",5.0,2.97,1491000.0
6113,亞矽,2017-11-10,"30,001-40,000",20.0,1.39,697065.0
6113,亞矽,2017-11-10,"40,001-50,000",14.0,1.29,645740.0
6113,亞矽,2017-11-10,"400,001-600,000",1.0,1.1,553000.0
6113,亞矽,2017-11-10,"5,001-10,000",222.0,3.72,1862129.0
6113,亞矽,2017-11-10,"50,001-100,000",40.0,5.58,2796208.0
6113,亞矽,2017-11-10,"600,001-800,000",2.0,2.92,1464748.0
6113,亞矽,2017-11-10,"800,001-1,000,000",1.0,1.75,876000.0
6113,亞矽,2017-11-10,"more than 1,000,001",9.0,62.55,31304473.0
6113,亞矽,2017-11-10,total,2226.0,100.0,50047100.0
6113,亞矽,2017-11-17,1-999,733.0,0.24,120266.0
6113,亞矽,2017-11-17,"1,000-5,000",972.0,4.45,2227417.0
6113,亞矽,2017-11-17,"10,001-15,000",67.0,1.7,854950.0
6113,亞矽,2017-11-17,"100,001-200,000",18.0,5.12,2562530.0
6113,亞矽,2017-11-17,"15,001-20,000",57.0,2.15,1077616.0
6113,亞矽,2017-11-17,"20,001-30,000",59.0,2.98,1494958.0
6113,亞矽,2017-11-17,"200,001-400,000",5.0,2.96,1483000.0
6113,亞矽,2017-11-17,"30,001-40,000",21.0,1.47,736065.0
6113,亞矽,2017-11-17,"40,001-50,000",14.0,1.29,645740.0
6113,亞矽,2017-11-17,"400,001-600,000",1.0,1.11,556000.0
6113,亞矽,2017-11-17,"5,001-10,000",222.0,3.72,1866129.0
6113,亞矽,2017-11-17,"50,001-100,000",39.0,5.47,2742208.0
6113,亞矽,2017-11-17,"600,001-800,000",2.0,2.95,1477748.0
6113,亞矽,2017-11-17,"800,001-1,000,000",1.0,1.77,890000.0
6113,亞矽,2017-11-17,"more than 1,000,001",9.0,62.56,31312473.0
6113,亞矽,2017-11-17,total,2220.0,100.0,50047100.0
6113,亞矽,2017-12-08,1-999,729.0,0.23,119966.0
6113,亞矽,2017-12-08,"1,000-5,000",959.0,4.37,2190717.0
6113,亞矽,2017-12-08,"10,001-15,000",68.0,1.73,869950.0
6113,亞矽,2017-12-08,"100,001-200,000",19.0,5.48,2744530.0
6113,亞矽,2017-12-08,"15,001-20,000",55.0,2.07,1036616.0
6113,亞矽,2017-12-08,"20,001-30,000",60.0,3.02,1512958.0
6113,亞矽,2017-12-08,"200,001-400,000",4.0,2.57,1287000.0
6113,亞矽,2017-12-08,"30,001-40,000",20.0,1.39,699065.0
6113,亞矽,2017-12-08,"40,001-50,000",15.0,1.38,690740.0
6113,亞矽,2017-12-08,"400,001-600,000",1.0,1.18,591000.0
6113,亞矽,2017-12-08,"5,001-10,000",222.0,3.71,1857129.0
6113,亞矽,2017-12-08,"50,001-100,000",38.0,5.48,2746208.0
6113,亞矽,2017-12-08,"600,001-800,000",2.0,3.06,1533748.0
6113,亞矽,2017-12-08,"800,001-1,000,000",1.0,1.79,897000.0
6113,亞矽,2017-12-08,"more than 1,000,001",9.0,62.48,31270473.0
6113,亞矽,2017-12-08,total,2202.0,100.0,50047100.0
6113,亞矽,2017-12-15,1-999,729.0,0.23,119966.0
6113,亞矽,2017-12-15,"1,000-5,000",955.0,4.34,2176717.0
6113,亞矽,2017-12-15,"10,001-15,000",67.0,1.71,856950.0
6113,亞矽,2017-12-15,"100,001-200,000",19.0,5.38,2696530.0
6113,亞矽,2017-12-15,"15,001-20,000",53.0,1.99,996616.0
6113,亞矽,2017-12-15,"20,001-30,000",61.0,3.06,1535958.0
6113,亞矽,2017-12-15,"200,001-400,000",4.0,2.52,1266000.0
6113,亞矽,2017-12-15,"30,001-40,000",21.0,1.46,733065.0
6113,亞矽,2017-12-15,"40,001-50,000",15.0,1.37,688740.0
6113,亞矽,2017-12-15,"400,001-600,000",0.0,0.0,0.0
6113,亞矽,2017-12-15,"5,001-10,000",220.0,3.67,1839129.0
6113,亞矽,2017-12-15,"50,001-100,000",38.0,5.49,2749208.0
6113,亞矽,2017-12-15,"600,001-800,000",2.0,2.69,1347748.0
6113,亞矽,2017-12-15,"800,001-1,000,000",2.0,3.44,1722000.0
6113,亞矽,2017-12-15,"more than 1,000,001",9.0,62.57,31318473.0
6113,亞矽,2017-12-15,total,2195.0,100.0,50047100.0
6113,亞矽,2017-12-22,1-999,730.0,0.24,120324.0
6113,亞矽,2017-12-22,"1,000-5,000",951.0,4.32,2163359.0
6113,亞矽,2017-12-22,"10,001-15,000",68.0,1.74,871950.0
6113,亞矽,2017-12-22,"100,001-200,000",19.0,5.37,2691530.0
6113,亞矽,2017-12-22,"15,001-20,000",53.0,1.98,993616.0
6113,亞矽,2017-12-22,"20,001-30,000",60.0,3.02,1512958.0
6113,亞矽,2017-12-22,"200,001-400,000",4.0,2.52,1262000.0
6113,亞矽,2017-12-22,"30,001-40,000",21.0,1.47,739065.0
6113,亞矽,2017-12-22,"40,001-50,000",14.0,1.29,645740.0
6113,亞矽,2017-12-22,"400,001-600,000",0.0,0.0,0.0
6113,亞矽,2017-12-22,"5,001-10,000",220.0,3.67,1841129.0
6113,亞矽,2017-12-22,"50,001-100,000",38.0,5.49,2748208.0
6113,亞矽,2017-12-22,"600,001-800,000",2.0,2.69,1349748.0
6113,亞矽,2017-12-22,"800,001-1,000,000",2.0,3.5,1755000.0
6113,亞矽,2017-12-22,"more than 1,000,001",9.0,62.64,31352473.0
6113,亞矽,2017-12-22,total,2191.0,100.0,50047100.0
6113,亞矽,2017-12-29,1-999,727.0,0.24,120312.0
6113,亞矽,2017-12-29,"1,000-5,000",951.0,4.33,2168665.0
6113,亞矽,2017-12-29,"10,001-15,000",69.0,1.77,885950.0
6113,亞矽,2017-12-29,"100,001-200,000",20.0,5.6,2804530.0
6113,亞矽,2017-12-29,"15,001-20,000",52.0,1.95,976616.0
6113,亞矽,2017-12-29,"20,001-30,000",57.0,2.87,1440958.0
6113,亞矽,2017-12-29,"200,001-400,000",4.0,2.51,1260000.0
6113,亞矽,2017-12-29,"30,001-40,000",21.0,1.47,739065.0
6113,亞矽,2017-12-29,"40,001-50,000",14.0,1.29,645740.0
6113,亞矽,2017-12-29,"400,001-600,000",0.0,0.0,0.0
6113,亞矽,2017-12-29,"5,001-10,000",220.0,3.68,1841835.0
6113,亞矽,2017-12-29,"50,001-100,000",38.0,5.38,2697208.0
6113,亞矽,2017-12-29,"600,001-800,000",2.0,2.7,1352748.0
6113,亞矽,2017-12-29,"800,001-1,000,000",2.0,3.53,1770000.0
6113,亞矽,2017-12-29,"more than 1,000,001",9.0,62.62,31343473.0
6113,亞矽,2017-12-29,total,2186.0,100.0,50047100.0
6113,亞矽,2018-01-05,1-999,728.0,0.24,120606.0
6113,亞矽,2018-01-05,"1,000-5,000",946.0,4.29,2150371.0
6113,亞矽,2018-01-05,"10,001-15,000",69.0,1.76,884950.0
6113,亞矽,2018-01-05,"100,001-200,000",20.0,5.6,2804530.0
6113,亞矽,2018-01-05,"15,001-20,000",53.0,1.98,995616.0
6113,亞矽,2018-01-05,"20,001-30,000",56.0,2.83,1417958.0
6113,亞矽,2018-01-05,"200,001-400,000",4.0,2.51,1260000.0
6113,亞矽,2018-01-05,"30,001-40,000",22.0,1.54,775065.0
6113,亞矽,2018-01-05,"40,001-50,000",13.0,1.2,604740.0
6113,亞矽,2018-01-05,"400,001-600,000",0.0,0.0,0.0
6113,亞矽,2018-01-05,"5,001-10,000",223.0,3.72,1863835.0
6113,亞矽,2018-01-05,"50,001-100,000",38.0,5.39,2700208.0
6113,亞矽,2018-01-05,"600,001-800,000",2.0,2.71,1360748.0
6113,亞矽,2018-01-05,"800,001-1,000,000",2.0,3.53,1769000.0
6113,亞矽,2018-01-05,"more than 1,000,001",9.0,62.61,31339473.0
6113,亞矽,2018-01-05,total,2185.0,100.0,50047100.0
6113,亞矽,2018-01-26,1-999,731.0,0.24,120555.0
6113,亞矽,2018-01-26,"1,000-5,000",934.0,4.27,2137422.0
6113,亞矽,2018-01-26,"10,001-15,000",67.0,1.7,854950.0
6113,亞矽,2018-01-26,"100,001-200,000",19.0,5.38,2693530.0
6113,亞矽,2018-01-26,"15,001-20,000",55.0,2.06,1032616.0
6113,亞矽,2018-01-26,"20,001-30,000",56.0,2.85,1427958.0
6113,亞矽,2018-01-26,"200,001-400,000",4.0,2.52,1263000.0
6113,亞矽,2018-01-26,"30,001-40,000",22.0,1.53,770065.0
6113,亞矽,2018-01-26,"40,001-50,000",14.0,1.3,651740.0
6113,亞矽,2018-01-26,"400,001-600,000",0.0,0.0,0.0
6113,亞矽,2018-01-26,"5,001-10,000",227.0,3.79,1898835.0
6113,亞矽,2018-01-26,"50,001-100,000",39.0,5.59,2800208.0
6113,亞矽,2018-01-26,"600,001-800,000",2.0,2.73,1367748.0
6113,亞矽,2018-01-26,"800,001-1,000,000",2.0,3.57,1790000.0
6113,亞矽,2018-01-26,"more than 1,000,001",9.0,62.41,31238473.0
6113,亞矽,2018-01-26,total,2181.0,100.0,50047100.0
6113,亞矽,2018-02-02,1-999,730.0,0.24,120555.0
6113,亞矽,2018-02-02,"1,000-5,000",934.0,4.27,2140422.0
6113,亞矽,2018-02-02,"10,001-15,000",67.0,1.71,856950.0
6113,亞矽,2018-02-02,"100,001-200,000",19.0,5.38,2695530.0
6113,亞矽,2018-02-02,"15,001-20,000",55.0,2.05,1029616.0
6113,亞矽,2018-02-02,"20,001-30,000",54.0,2.73,1368958.0
6113,亞矽,2018-02-02,"200,001-400,000",4.0,2.52,1263000.0
6113,亞矽,2018-02-02,"30,001-40,000",24.0,1.67,839065.0
6113,亞矽,2018-02-02,"40,001-50,000",13.0,1.2,604740.0
6113,亞矽,2018-02-02,"400,001-600,000",0.0,0.0,0.0
6113,亞矽,2018-02-02,"5,001-10,000",227.0,3.79,1900835.0
6113,亞矽,2018-02-02,"50,001-100,000",39.0,5.6,2807208.0
6113,亞矽,2018-02-02,"600,001-800,000",2.0,2.79,1396748.0
6113,亞矽,2018-02-02,"800,001-1,000,000",2.0,3.57,1790000.0
6113,亞矽,2018-02-02,"more than 1,000,001",9.0,62.4,31233473.0
6113,亞矽,2018-02-02,total,2179.0,100.0,50047100.0
6113,亞矽,2018-02-09,1-999,727.0,0.23,119983.0
6113,亞矽,2018-02-09,"1,000-5,000",992.0,4.55,2280221.0
6113,亞矽,2018-02-09,"10,001-15,000",70.0,1.78,894405.0
6113,亞矽,2018-02-09,"100,001-200,000",20.0,5.65,2829858.0
6113,亞矽,2018-02-09,"15,001-20,000",61.0,2.26,1134616.0
6113,亞矽,2018-02-09,"20,001-30,000",57.0,2.93,1467110.0
6113,亞矽,2018-02-09,"200,001-400,000",5.0,2.88,1445000.0
6113,亞矽,2018-02-09,"30,001-40,000",26.0,1.79,899610.0
6113,亞矽,2018-02-09,"40,001-50,000",15.0,1.39,698740.0
6113,亞矽,2018-02-09,"400,001-600,000",1.0,1.18,595000.0
6113,亞矽,2018-02-09,"5,001-10,000",237.0,3.91,1960456.0
6113,亞矽,2018-02-09,"50,001-100,000",44.0,6.14,3076880.0
6113,亞矽,2018-02-09,"600,001-800,000",3.0,4.41,2208748.0
6113,亞矽,2018-02-09,"800,001-1,000,000",0.0,0.0,0.0
6113,亞矽,2018-02-09,"more than 1,000,001",8.0,60.81,30436473.0
6113,亞矽,2018-02-09,total,2266.0,100.0,50047100.0
6113,亞矽,2018-02-14,1-999,726.0,0.23,119982.0
6113,亞矽,2018-02-14,"1,000-5,000",994.0,4.49,2251222.0
6113,亞矽,2018-02-14,"10,001-15,000",72.0,1.84,922405.0
6113,亞矽,2018-02-14,"100,001-200,000",22.0,6.24,3127858.0
6113,亞矽,2018-02-14,"15,001-20,000",64.0,2.39,1196616.0
6113,亞矽,2018-02-14,"20,001-30,000",56.0,2.84,1426110.0
6113,亞矽,2018-02-14,"200,001-400,000",7.0,4.06,2036000.0
6113,亞矽,2018-02-14,"30,001-40,000",27.0,1.89,948610.0
6113,亞矽,2018-02-14,"40,001-50,000",16.0,1.48,744740.0
6113,亞矽,2018-02-14,"400,001-600,000",0.0,0.0,0.0
6113,亞矽,2018-02-14,"5,001-10,000",238.0,3.96,1982456.0
6113,亞矽,2018-02-14,"50,001-100,000",39.0,5.49,2751880.0
6113,亞矽,2018-02-14,"600,001-800,000",1.0,1.57,786748.0
6113,亞矽,2018-02-14,"800,001-1,000,000",0.0,0.0,0.0
6113,亞矽,2018-02-14,"more than 1,000,001",9.0,63.44,31752473.0
6113,亞矽,2018-02-14,total,2271.0,100.0,50047100.0
6113,亞矽,2018-03-02,1-999,727.0,0.24,120240.0
6113,亞矽,2018-03-02,"1,000-5,000",1027.0,4.69,2350964.0
6113,亞矽,2018-03-02,"10,001-15,000",77.0,1.96,984405.0
6113,亞矽,2018-03-02,"100,001-200,000",21.0,5.82,2914858.0
6113,亞矽,2018-03-02,"15,001-20,000",65.0,2.43,1218616.0
6113,亞矽,2018-03-02,"20,001-30,000",58.0,2.96,1486110.0
6113,亞矽,2018-03-02,"200,001-400,000",7.0,4.26,2134000.0
6113,亞矽,2018-03-02,"30,001-40,000",25.0,1.75,876610.0
6113,亞矽,2018-03-02,"40,001-50,000",20.0,1.89,947740.0
6113,亞矽,2018-03-02,"400,001-600,000",1.0,1.03,519000.0
6113,亞矽,2018-03-02,"5,001-10,000",247.0,4.12,2064456.0
6113,亞矽,2018-03-02,"50,001-100,000",44.0,6.25,3130880.0
6113,亞矽,2018-03-02,"600,001-800,000",0.0,0.0,0.0
6113,亞矽,2018-03-02,"800,001-1,000,000",1.0,1.61,806748.0
6113,亞矽,2018-03-02,"more than 1,000,001",8.0,60.92,30492473.0
6113,亞矽,2018-03-02,total,2328.0,100.0,50047100.0
6113,亞矽,2018-03-09,1-999,731.0,0.24,120793.0
6113,亞矽,2018-03-09,"1,000-5,000",1063.0,4.85,2428964.0
6113,亞矽,2018-03-09,"10,001-15,000",81.0,2.07,1036950.0
6113,亞矽,2018-03-09,"100,001-200,000",24.0,6.78,3393530.0
6113,亞矽,2018-03-09,"15,001-20,000",84.0,3.18,1594616.0
6113,亞矽,2018-03-09,"20,001-30,000",61.0,3.1,1552110.0
6113,亞矽,2018-03-09,"200,001-400,000",3.0,1.87,940000.0
6113,亞矽,2018-03-09,"30,001-40,000",24.0,1.69,848065.0
6113,亞矽,2018-03-09,"40,001-50,000",17.0,1.59,796740.0
6113,亞矽,2018-03-09,"400,001-600,000",2.0,1.78,895000.0
6113,亞矽,2018-03-09,"5,001-10,000",257.0,4.34,2174903.0
6113,亞矽,2018-03-09,"50,001-100,000",48.0,6.79,3400208.0
6113,亞矽,2018-03-09,"600,001-800,000",1.0,1.55,776748.0
6113,亞矽,2018-03-09,"800,001-1,000,000",1.0,1.96,981000.0
6113,亞矽,2018-03-09,"more than 1,000,001",7.0,58.16,29107473.0
6113,亞矽,2018-03-09,total,2404.0,100.0,50047100.0
6113,亞矽,2018-03-16,1-999,732.0,0.24,120793.0
6113,亞矽,2018-03-16,"1,000-5,000",1067.0,4.82,2415964.0
6113,亞矽,2018-03-16,"10,001-15,000",79.0,2.01,1006950.0
6113,亞矽,2018-03-16,"100,001-200,000",22.0,5.97,2990858.0
6113,亞矽,2018-03-16,"15,001-20,000",84.0,3.17,1590616.0
6113,亞矽,2018-03-16,"20,001-30,000",63.0,3.23,1617110.0
6113,亞矽,2018-03-16,"200,001-400,000",5.0,2.71,1361000.0
6113,亞矽,2018-03-16,"30,001-40,000",22.0,1.58,791065.0
6113,亞矽,2018-03-16,"40,001-50,000",15.0,1.4,704740.0
6113,亞矽,2018-03-16,"400,001-600,000",2.0,1.89,947000.0
6113,亞矽,2018-03-16,"5,001-10,000",262.0,4.4,2204903.0
6113,亞矽,2018-03-16,"50,001-100,000",47.0,6.72,3366880.0
6113,亞矽,2018-03-16,"600,001-800,000",1.0,1.55,776748.0
6113,亞矽,2018-03-16,"800,001-1,000,000",0.0,0.0,0.0
6113,亞矽,2018-03-16,"more than 1,000,001",8.0,60.24,30152473.0
6113,亞矽,2018-03-16,total,2409.0,100.0,50047100.0
6113,亞矽,2018-03-23,1-999,732.0,0.24,120466.0
6113,亞矽,2018-03-23,"1,000-5,000",1043.0,4.71,2361941.0
6113,亞矽,2018-03-23,"10,001-15,000",82.0,2.1,1052950.0
6113,亞矽,2018-03-23,"100,001-200,000",22.0,5.93,2969530.0
6113,亞矽,2018-03-23,"15,001-20,000",76.0,2.87,1440616.0
6113,亞矽,2018-03-23,"20,001-30,000",59.0,2.95,1481110.0
6113,亞矽,2018-03-23,"200,001-400,000",4.0,2.22,1114000.0
6113,亞矽,2018-03-23,"30,001-40,000",25.0,1.78,894065.0
6113,亞矽,2018-03-23,"40,001-50,000",17.0,1.57,788740.0
6113,亞矽,2018-03-23,"400,001-600,000",3.0,2.85,1428000.0
6113,亞矽,2018-03-23,"5,001-10,000",264.0,4.41,2208253.0
6113,亞矽,2018-03-23,"50,001-100,000",47.0,6.54,3275208.0
6113,亞矽,2018-03-23,"600,001-800,000",1.0,1.55,776748.0
6113,亞矽,2018-03-23,"800,001-1,000,000",0.0,0.0,0.0
6113,亞矽,2018-03-23,"more than 1,000,001",8.0,60.21,30135473.0
6113,亞矽,2018-03-23,total,2383.0,100.0,50047100.0
6113,亞矽,2018-03-31,1-999,733.0,0.24,120501.0
6113,亞矽,2018-03-31,"1,000-5,000",1033.0,4.68,2344941.0
6113,亞矽,2018-03-31,"10,001-15,000",76.0,1.94,971950.0
6113,亞矽,2018-03-31,"100,001-200,000",22.0,6.03,3018530.0
6113,亞矽,2018-03-31,"15,001-20,000",76.0,2.85,1428616.0
6113,亞矽,2018-03-31,"20,001-30,000",64.0,3.21,1608110.0
6113,亞矽,2018-03-31,"200,001-400,000",4.0,2.23,1118000.0
6113,亞矽,2018-03-31,"30,001-40,000",24.0,1.73,868065.0
6113,亞矽,2018-03-31,"40,001-50,000",17.0,1.55,778740.0
6113,亞矽,2018-03-31,"400,001-600,000",3.0,2.83,1418000.0
6113,亞矽,2018-03-31,"5,001-10,000",257.0,4.3,2155218.0
6113,亞矽,2018-03-31,"50,001-100,000",47.0,6.74,3376208.0
6113,亞矽,2018-03-31,"600,001-800,000",1.0,1.55,776748.0
6113,亞矽,2018-03-31,"800,001-1,000,000",0.0,0.0,0.0
6113,亞矽,2018-03-31,"more than 1,000,001",8.0,60.07,30063473.0
6113,亞矽,2018-03-31,total,2365.0,100.0,50047100.0
6113,亞矽,2018-04-03,1-999,734.0,0.24,120502.0
6113,亞矽,2018-04-03,"1,000-5,000",1024.0,4.63,2321940.0
6113,亞矽,2018-04-03,"10,001-15,000",78.0,1.99,995950.0
6113,亞矽,2018-04-03,"100,001-200,000",23.0,6.29,3149530.0
6113,亞矽,2018-04-03,"15,001-20,000",74.0,2.78,1393616.0
6113,亞矽,2018-04-03,"20,001-30,000",63.0,3.17,1587110.0
6113,亞矽,2018-04-03,"200,001-400,000",4.0,2.21,1107000.0
6113,亞矽,2018-04-03,"30,001-40,000",24.0,1.72,864065.0
6113,亞矽,2018-04-03,"40,001-50,000",18.0,1.66,832740.0
6113,亞矽,2018-04-03,"400,001-600,000",3.0,2.83,1421000.0
6113,亞矽,2018-04-03,"5,001-10,000",256.0,4.28,2144218.0
6113,亞矽,2018-04-03,"50,001-100,000",46.0,6.55,3278208.0
6113,亞矽,2018-04-03,"600,001-800,000",1.0,1.55,776748.0
6113,亞矽,2018-04-03,"800,001-1,000,000",0.0,0.0,0.0
6113,亞矽,2018-04-03,"more than 1,000,001",8.0,60.05,30054473.0
6113,亞矽,2018-04-03,total,2356.0,100.0,50047100.0
6113,亞矽,2018-04-13,1-999,740.0,0.24,120502.0
6113,亞矽,2018-04-13,"1,000-5,000",1024.0,4.65,2331940.0
6113,亞矽,2018-04-13,"10,001-15,000",82.0,2.09,1048950.0
6113,亞矽,2018-04-13,"100,001-200,000",23.0,6.33,3169530.0
6113,亞矽,2018-04-13,"15,001-20,000",71.0,2.67,1339616.0
6113,亞矽,2018-04-13,"20,001-30,000",65.0,3.28,1643110.0
6113,亞矽,2018-04-13,"200,001-400,000",4.0,2.22,1113000.0
6113,亞矽,2018-04-13,"30,001-40,000",23.0,1.63,819065.0
6113,亞矽,2018-04-13,"40,001-50,000",19.0,1.75,880740.0
6113,亞矽,2018-04-13,"400,001-600,000",3.0,2.8,1402000.0
6113,亞矽,2018-04-13,"5,001-10,000",251.0,4.19,2100218.0
6113,亞矽,2018-04-13,"50,001-100,000",45.0,6.44,3225208.0
6113,亞矽,2018-04-13,"600,001-800,000",1.0,1.55,776748.0
6113,亞矽,2018-04-13,"800,001-1,000,000",0.0,0.0,0.0
6113,亞矽,2018-04-13,"more than 1,000,001",8.0,60.09,30076473.0
6113,亞矽,2018-04-13,total,2359.0,100.0,50047100.0
6113,亞矽,2018-04-20,1-999,741.0,0.24,120952.0
6113,亞矽,2018-04-20,"1,000-5,000",1027.0,4.66,2335940.0
6113,亞矽,2018-04-20,"10,001-15,000",84.0,2.14,1075950.0
6113,亞矽,2018-04-20,"100,001-200,000",21.0,5.72,2866530.0
6113,亞矽,2018-04-20,"15,001-20,000",71.0,2.67,1340616.0
6113,亞矽,2018-04-20,"20,001-30,000",63.0,3.17,1591110.0
6113,亞矽,2018-04-20,"200,001-400,000",5.0,2.65,1330000.0
6113,亞矽,2018-04-20,"30,001-40,000",22.0,1.55,779065.0
6113,亞矽,2018-04-20,"40,001-50,000",18.0,1.65,829740.0
6113,亞矽,2018-04-20,"400,001-600,000",3.0,2.8,1402000.0
6113,亞矽,2018-04-20,"5,001-10,000",253.0,4.22,2112768.0
6113,亞矽,2018-04-20,"50,001-100,000",47.0,6.73,3371208.0
6113,亞矽,2018-04-20,"600,001-800,000",1.0,1.55,776748.0
6113,亞矽,2018-04-20,"800,001-1,000,000",0.0,0.0,0.0
6113,亞矽,2018-04-20,"more than 1,000,001",8.0,60.17,30114473.0
6113,亞矽,2018-04-20,total,2364.0,100.0,50047100.0
6113,亞矽,2018-04-27,1-999,742.0,0.24,120952.0
6113,亞矽,2018-04-27,"1,000-5,000",1017.0,4.61,2307940.0
6113,亞矽,2018-04-27,"10,001-15,000",82.0,2.09,1048950.0
6113,亞矽,2018-04-27,"100,001-200,000",21.0,5.75,2881530.0
6113,亞矽,2018-04-27,"15,001-20,000",69.0,2.6,1302616.0
6113,亞矽,2018-04-27,"20,001-30,000",64.0,3.23,1619110.0
6113,亞矽,2018-04-27,"200,001-400,000",5.0,2.6,1306000.0
6113,亞矽,2018-04-27,"30,001-40,000",22.0,1.55,779065.0
6113,亞矽,2018-04-27,"40,001-50,000",15.0,1.38,692740.0
6113,亞矽,2018-04-27,"400,001-600,000",3.0,2.81,1410000.0
6113,亞矽,2018-04-27,"5,001-10,000",257.0,4.26,2136768.0
6113,亞矽,2018-04-27,"50,001-100,000",50.0,7.06,3535208.0
6113,亞矽,2018-04-27,"600,001-800,000",1.0,1.55,776748.0
6113,亞矽,2018-04-27,"800,001-1,000,000",0.0,0.0,0.0
6113,亞矽,2018-04-27,"more than 1,000,001",8.0,60.2,30129473.0
6113,亞矽,2018-04-27,total,2356.0,100.0,50047100.0
6113,亞矽,2018-05-04,1-999,742.0,0.24,120952.0
6113,亞矽,2018-05-04,"1,000-5,000",1011.0,4.59,2298940.0
6113,亞矽,2018-05-04,"10,001-15,000",81.0,2.06,1031950.0
6113,亞矽,2018-05-04,"100,001-200,000",21.0,5.78,2897530.0
6113,亞矽,2018-05-04,"15,001-20,000",74.0,2.76,1385616.0
6113,亞矽,2018-05-04,"20,001-30,000",63.0,3.19,1600110.0
6113,亞矽,2018-05-04,"200,001-400,000",5.0,2.61,1307000.0
6113,亞矽,2018-05-04,"30,001-40,000",22.0,1.55,779065.0
6113,亞矽,2018-05-04,"40,001-50,000",15.0,1.38,692740.0
6113,亞矽,2018-05-04,"400,001-600,000",3.0,2.72,1363000.0
6113,亞矽,2018-05-04,"5,001-10,000",258.0,4.27,2139768.0
6113,亞矽,2018-05-04,"50,001-100,000",49.0,7.07,3543208.0
6113,亞矽,2018-05-04,"600,001-800,000",1.0,1.55,776748.0
6113,亞矽,2018-05-04,"800,001-1,000,000",0.0,0.0,0.0
6113,亞矽,2018-05-04,"more than 1,000,001",8.0,60.16,30110473.0
6113,亞矽,2018-05-04,total,2353.0,100.0,50047100.0
6113,亞矽,2018-05-11,1-999,742.0,0.24,120952.0
6113,亞矽,2018-05-11,"1,000-5,000",1020.0,4.64,2326940.0
6113,亞矽,2018-05-11,"10,001-15,000",84.0,2.16,1081950.0
6113,亞矽,2018-05-11,"100,001-200,000",24.0,6.55,3280858.0
6113,亞矽,2018-05-11,"15,001-20,000",72.0,2.71,1356616.0
6113,亞矽,2018-05-11,"20,001-30,000",64.0,3.25,1628110.0
6113,亞矽,2018-05-11,"200,001-400,000",4.0,2.1,1053000.0
6113,亞矽,2018-05-11,"30,001-40,000",23.0,1.62,813065.0
6113,亞矽,2018-05-11,"40,001-50,000",15.0,1.38,692740.0
6113,亞矽,2018-05-11,"400,001-600,000",3.0,2.73,1369000.0
6113,亞矽,2018-05-11,"5,001-10,000",252.0,4.21,2108768.0
6113,亞矽,2018-05-11,"50,001-100,000",47.0,6.68,3345880.0
6113,亞矽,2018-05-11,"600,001-800,000",1.0,1.55,776748.0
6113,亞矽,2018-05-11,"800,001-1,000,000",0.0,0.0,0.0
6113,亞矽,2018-05-11,"more than 1,000,001",8.0,60.12,30092473.0
6113,亞矽,2018-05-11,total,2359.0,100.0,50047100.0
6113,亞矽,2018-05-18,1-999,742.0,0.24,120952.0
6113,亞矽,2018-05-18,"1,000-5,000",1016.0,4.65,2330940.0
6113,亞矽,2018-05-18,"10,001-15,000",84.0,2.14,1075950.0
6113,亞矽,2018-05-18,"100,001-200,000",24.0,6.53,3269858.0
6113,亞矽,2018-05-18,"15,001-20,000",70.0,2.63,1319616.0
6113,亞矽,2018-05-18,"20,001-30,000",62.0,3.15,1577110.0
6113,亞矽,2018-05-18,"200,001-400,000",4.0,2.1,1053000.0
6113,亞矽,2018-05-18,"30,001-40,000",25.0,1.77,887065.0
6113,亞矽,2018-05-18,"40,001-50,000",15.0,1.38,692740.0
6113,亞矽,2018-05-18,"400,001-600,000",3.0,2.74,1374000.0
6113,亞矽,2018-05-18,"5,001-10,000",251.0,4.17,2088768.0
6113,亞矽,2018-05-18,"50,001-100,000",48.0,6.84,3426880.0
6113,亞矽,2018-05-18,"600,001-800,000",1.0,1.55,776748.0
6113,亞矽,2018-05-18,"800,001-1,000,000",0.0,0.0,0.0
6113,亞矽,2018-05-18,"more than 1,000,001",8.0,60.05,30053473.0
6113,亞矽,2018-05-18,total,2353.0,100.0,50047100.0
6113,亞矽,2018-06-01,1-999,737.0,0.23,119779.0
6113,亞矽,2018-06-01,"1,000-5,000",1028.0,4.74,2374076.0
6113,亞矽,2018-06-01,"10,001-15,000",84.0,2.14,1072950.0
6113,亞矽,2018-06-01,"100,001-200,000",23.0,5.97,2991858.0
6113,亞矽,2018-06-01,"15,001-20,000",74.0,2.78,1392616.0
6113,亞矽,2018-06-01,"20,001-30,000",67.0,3.4,1703110.0
6113,亞矽,2018-06-01,"200,001-400,000",5.0,2.45,1228000.0
6113,亞矽,2018-06-01,"30,001-40,000",23.0,1.64,823065.0
6113,亞矽,2018-06-01,"40,001-50,000",16.0,1.48,742740.0
6113,亞矽,2018-06-01,"400,001-600,000",3.0,2.79,1398000.0
6113,亞矽,2018-06-01,"5,001-10,000",251.0,4.2,2105805.0
6113,亞矽,2018-06-01,"50,001-100,000",50.0,6.99,3498880.0
6113,亞矽,2018-06-01,"600,001-800,000",1.0,1.55,776748.0
6113,亞矽,2018-06-01,"800,001-1,000,000",0.0,0.0,0.0
6113,亞矽,2018-06-01,"more than 1,000,001",8.0,59.58,29819473.0
6113,亞矽,2018-06-01,total,2370.0,100.0,50047100.0
6113,亞矽,2018-06-08,1-999,738.0,0.23,119779.0
6113,亞矽,2018-06-08,"1,000-5,000",1062.0,4.84,2425076.0
6113,亞矽,2018-06-08,"10,001-15,000",90.0,2.28,1143950.0
6113,亞矽,2018-06-08,"100,001-200,000",24.0,6.27,3141858.0
6113,亞矽,2018-06-08,"15,001-20,000",73.0,2.75,1377616.0
6113,亞矽,2018-06-08,"20,001-30,000",70.0,3.58,1794110.0
6113,亞矽,2018-06-08,"200,001-400,000",5.0,2.69,1349000.0
6113,亞矽,2018-06-08,"30,001-40,000",28.0,1.95,979065.0
6113,亞矽,2018-06-08,"40,001-50,000",19.0,1.8,903740.0
6113,亞矽,2018-06-08,"400,001-600,000",3.0,2.82,1416000.0
6113,亞矽,2018-06-08,"5,001-10,000",265.0,4.45,2227805.0
6113,亞矽,2018-06-08,"50,001-100,000",48.0,6.78,3395880.0
6113,亞矽,2018-06-08,"600,001-800,000",1.0,1.55,776748.0
6113,亞矽,2018-06-08,"800,001-1,000,000",1.0,1.98,995000.0
6113,亞矽,2018-06-08,"more than 1,000,001",7.0,55.95,28001473.0
6113,亞矽,2018-06-08,total,2434.0,100.0,50047100.0
6113,亞矽,2018-06-15,1-999,735.0,0.23,119126.0
6113,亞矽,2018-06-15,"1,000-5,000",1380.0,6.55,3280182.0
6113,亞矽,2018-06-15,"10,001-15,000",94.0,2.42,1214120.0
6113,亞矽,2018-06-15,"100,001-200,000",22.0,5.71,2861530.0
6113,亞矽,2018-06-15,"15,001-20,000",85.0,3.25,1626616.0
6113,亞矽,2018-06-15,"20,001-30,000",68.0,3.49,1748110.0
6113,亞矽,2018-06-15,"200,001-400,000",5.0,2.71,1358000.0
6113,亞矽,2018-06-15,"30,001-40,000",29.0,2.03,1018005.0
6113,亞矽,2018-06-15,"40,001-50,000",23.0,2.19,1097800.0
6113,亞矽,2018-06-15,"400,001-600,000",3.0,2.94,1474000.0
6113,亞矽,2018-06-15,"5,001-10,000",333.0,5.64,2823182.0
6113,亞矽,2018-06-15,"50,001-100,000",48.0,6.59,3300208.0
6113,亞矽,2018-06-15,"600,001-800,000",2.0,2.9,1454748.0
6113,亞矽,2018-06-15,"800,001-1,000,000",0.0,0.0,0.0
6113,亞矽,2018-06-15,"more than 1,000,001",7.0,53.29,26671473.0
6113,亞矽,2018-06-15,total,2834.0,100.0,50047100.0
6113,亞矽,2018-06-22,1-999,733.0,0.23,118296.0
6113,亞矽,2018-06-22,"1,000-5,000",1319.0,6.11,3062182.0
6113,亞矽,2018-06-22,"10,001-15,000",86.0,2.2,1104950.0
6113,亞矽,2018-06-22,"100,001-200,000",27.0,7.56,3785530.0
6113,亞矽,2018-06-22,"15,001-20,000",73.0,2.77,1386616.0
6113,亞矽,2018-06-22,"20,001-30,000",71.0,3.62,1813110.0
6113,亞矽,2018-06-22,"200,001-400,000",5.0,3.13,1567000.0
6113,亞矽,2018-06-22,"30,001-40,000",32.0,2.26,1132333.0
6113,亞矽,2018-06-22,"40,001-50,000",20.0,1.92,964800.0
6113,亞矽,2018-06-22,"400,001-600,000",3.0,2.85,1431000.0
6113,亞矽,2018-06-22,"5,001-10,000",316.0,5.39,2701182.0
6113,亞矽,2018-06-22,"50,001-100,000",52.0,7.44,3724880.0
6113,亞矽,2018-06-22,"600,001-800,000",1.0,1.53,766748.0
6113,亞矽,2018-06-22,"800,001-1,000,000",1.0,1.94,974000.0
6113,亞矽,2018-06-22,"more than 1,000,001",6.0,50.98,25514473.0
6113,亞矽,2018-06-22,total,2745.0,100.0,50047100.0
6113,亞矽,2018-06-29,1-999,733.0,0.23,118476.0
6113,亞矽,2018-06-29,"1,000-5,000",1850.0,8.41,4212891.0
6113,亞矽,2018-06-29,"10,001-15,000",103.0,2.67,1339389.0
6113,亞矽,2018-06-29,"100,001-200,000",18.0,4.96,2482530.0
6113,亞矽,2018-06-29,"15,001-20,000",82.0,3.13,1568616.0
6113,亞矽,2018-06-29,"20,001-30,000",64.0,3.29,1648110.0
6113,亞矽,2018-06-29,"200,001-400,000",6.0,3.43,1718000.0
6113,亞矽,2018-06-29,"30,001-40,000",27.0,1.9,955005.0
6113,亞矽,2018-06-29,"40,001-50,000",24.0,2.27,1140800.0
6113,亞矽,2018-06-29,"400,001-600,000",1.0,1.0,502000.0
6113,亞矽,2018-06-29,"5,001-10,000",385.0,6.75,3380182.0
6113,亞矽,2018-06-29,"50,001-100,000",44.0,6.22,3115880.0
6113,亞矽,2018-06-29,"600,001-800,000",2.0,2.82,1411748.0
6113,亞矽,2018-06-29,"800,001-1,000,000",1.0,1.87,939000.0
6113,亞矽,2018-06-29,"more than 1,000,001",6.0,50.98,25514473.0
6113,亞矽,2018-06-29,total,3346.0,100.0,50047100.0
6113,亞矽,2018-07-06,1-999,734.0,0.23,118602.0
6113,亞矽,2018-07-06,"1,000-5,000",1815.0,8.43,4221337.0
6113,亞矽,2018-07-06,"10,001-15,000",104.0,2.65,1329950.0
6113,亞矽,2018-07-06,"100,001-200,000",20.0,5.5,2753530.0
6113,亞矽,2018-07-06,"15,001-20,000",82.0,3.09,1549944.0
6113,亞矽,2018-07-06,"20,001-30,000",71.0,3.68,1843110.0
6113,亞矽,2018-07-06,"200,001-400,000",8.0,4.94,2474000.0
6113,亞矽,2018-07-06,"30,001-40,000",34.0,2.38,1192005.0
6113,亞矽,2018-07-06,"40,001-50,000",25.0,2.34,1171800.0
6113,亞矽,2018-07-06,"400,001-600,000",1.0,0.97,488000.0
6113,亞矽,2018-07-06,"5,001-10,000",407.0,7.05,3532721.0
6113,亞矽,2018-07-06,"50,001-100,000",41.0,5.74,2874880.0
6113,亞矽,2018-07-06,"600,001-800,000",2.0,2.66,1332748.0
6113,亞矽,2018-07-06,"800,001-1,000,000",0.0,0.0,0.0
6113,亞矽,2018-07-06,"more than 1,000,001",6.0,50.28,25164473.0
6113,亞矽,2018-07-06,total,3350.0,100.0,50047100.0
6113,亞矽,2018-07-20,1-999,735.0,0.23,119167.0
6113,亞矽,2018-07-20,"1,000-5,000",1847.0,8.54,4277772.0
6113,亞矽,2018-07-20,"10,001-15,000",111.0,2.88,1444950.0
6113,亞矽,2018-07-20,"100,001-200,000",17.0,4.46,2233530.0
6113,亞矽,2018-07-20,"15,001-20,000",87.0,3.31,1660616.0
6113,亞矽,2018-07-20,"20,001-30,000",68.0,3.41,1710438.0
6113,亞矽,2018-07-20,"200,001-400,000",9.0,5.26,2636000.0
6113,亞矽,2018-07-20,"30,001-40,000",34.0,2.38,1196005.0
6113,亞矽,2018-07-20,"40,001-50,000",25.0,2.37,1187800.0
6113,亞矽,2018-07-20,"400,001-600,000",1.0,0.94,473000.0
6113,亞矽,2018-07-20,"5,001-10,000",401.0,6.94,3473721.0
6113,亞矽,2018-07-20,"50,001-100,000",49.0,6.88,3444880.0
6113,亞矽,2018-07-20,"600,001-800,000",2.0,2.85,1428748.0
6113,亞矽,2018-07-20,"800,001-1,000,000",0.0,0.0,0.0
6113,亞矽,2018-07-20,"more than 1,000,001",6.0,49.47,24760473.0
6113,亞矽,2018-07-20,total,3392.0,100.0,50047100.0
6113,亞矽,2018-07-27,1-999,737.0,0.23,119167.0
6113,亞矽,2018-07-27,"1,000-5,000",1839.0,8.35,4181772.0
6113,亞矽,2018-07-27,"10,001-15,000",109.0,2.82,1413950.0
6113,亞矽,2018-07-27,"100,001-200,000",21.0,5.49,2750530.0
6113,亞矽,2018-07-27,"15,001-20,000",88.0,3.35,1676616.0
6113,亞矽,2018-07-27,"20,001-30,000",72.0,3.63,1820438.0
6113,亞矽,2018-07-27,"200,001-400,000",8.0,4.77,2389000.0
6113,亞矽,2018-07-27,"30,001-40,000",32.0,2.24,1124005.0
6113,亞矽,2018-07-27,"40,001-50,000",24.0,2.26,1132800.0
6113,亞矽,2018-07-27,"400,001-600,000",1.0,0.91,459000.0
6113,亞矽,2018-07-27,"5,001-10,000",399.0,6.87,3441721.0
6113,亞矽,2018-07-27,"50,001-100,000",48.0,6.7,3356880.0
6113,亞矽,2018-07-27,"600,001-800,000",2.0,2.83,1420748.0
6113,亞矽,2018-07-27,"800,001-1,000,000",0.0,0.0,0.0
6113,亞矽,2018-07-27,"more than 1,000,001",6.0,49.47,24760473.0
6113,亞矽,2018-07-27,total,3386.0,100.0,50047100.0
6113,亞矽,2018-08-03,1-999,738.0,0.23,119167.0
6113,亞矽,2018-08-03,"1,000-5,000",1873.0,8.54,4275772.0
6113,亞矽,2018-08-03,"10,001-15,000",106.0,2.74,1373950.0
6113,亞矽,2018-08-03,"100,001-200,000",22.0,5.72,2867530.0
6113,亞矽,2018-08-03,"15,001-20,000",87.0,3.3,1653616.0
6113,亞矽,2018-08-03,"20,001-30,000",75.0,3.83,1917438.0
6113,亞矽,2018-08-03,"200,001-400,000",8.0,4.84,2424000.0
6113,亞矽,2018-08-03,"30,001-40,000",30.0,2.1,1055005.0
6113,亞矽,2018-08-03,"40,001-50,000",21.0,1.95,980800.0
6113,亞矽,2018-08-03,"400,001-600,000",1.0,0.9,454000.0
6113,亞矽,2018-08-03,"5,001-10,000",386.0,6.62,3313721.0
6113,亞矽,2018-08-03,"50,001-100,000",48.0,6.85,3431880.0
6113,亞矽,2018-08-03,"600,001-800,000",2.0,2.83,1419748.0
6113,亞矽,2018-08-03,"800,001-1,000,000",0.0,0.0,0.0
6113,亞矽,2018-08-03,"more than 1,000,001",6.0,49.47,24760473.0
6113,亞矽,2018-08-03,total,3403.0,100.0,50047100.0
6113,亞矽,2018-08-10,1-999,744.0,0.24,121500.0
6113,亞矽,2018-08-10,"1,000-5,000",1911.0,8.63,4322256.0
6113,亞矽,2018-08-10,"10,001-15,000",104.0,2.69,1350950.0
6113,亞矽,2018-08-10,"100,001-200,000",20.0,5.3,2655530.0
6113,亞矽,2018-08-10,"15,001-20,000",90.0,3.4,1702616.0
6113,亞矽,2018-08-10,"20,001-30,000",70.0,3.6,1803438.0
6113,亞矽,2018-08-10,"200,001-400,000",9.0,5.49,2751000.0
6113,亞矽,2018-08-10,"30,001-40,000",27.0,1.91,957005.0
6113,亞矽,2018-08-10,"40,001-50,000",23.0,2.13,1070800.0
6113,亞矽,2018-08-10,"400,001-600,000",0.0,0.0,0.0
6113,亞矽,2018-08-10,"5,001-10,000",390.0,6.7,3353904.0
6113,亞矽,2018-08-10,"50,001-100,000",52.0,7.57,3788880.0
6113,亞矽,2018-08-10,"600,001-800,000",2.0,2.81,1408748.0
6113,亞矽,2018-08-10,"800,001-1,000,000",0.0,0.0,0.0
6113,亞矽,2018-08-10,"more than 1,000,001",6.0,49.47,24760473.0
6113,亞矽,2018-08-10,total,3448.0,100.0,50047100.0
6113,亞矽,2018-08-17,1-999,743.0,0.24,121440.0
6113,亞矽,2018-08-17,"1,000-5,000",1883.0,8.47,4239316.0
6113,亞矽,2018-08-17,"10,001-15,000",103.0,2.65,1329950.0
6113,亞矽,2018-08-17,"100,001-200,000",21.0,5.55,2778530.0
6113,亞矽,2018-08-17,"15,001-20,000",87.0,3.29,1648616.0
6113,亞矽,2018-08-17,"20,001-30,000",67.0,3.46,1732110.0
6113,亞矽,2018-08-17,"200,001-400,000",10.0,5.74,2875000.0
6113,亞矽,2018-08-17,"30,001-40,000",32.0,2.26,1133005.0
6113,亞矽,2018-08-17,"40,001-50,000",24.0,2.2,1104128.0
6113,亞矽,2018-08-17,"400,001-600,000",0.0,0.0,0.0
6113,亞矽,2018-08-17,"5,001-10,000",393.0,6.75,3380904.0
6113,亞矽,2018-08-17,"50,001-100,000",50.0,7.12,3566880.0
6113,亞矽,2018-08-17,"600,001-800,000",2.0,2.75,1376748.0
6113,亞矽,2018-08-17,"800,001-1,000,000",0.0,0.0,0.0
6113,亞矽,2018-08-17,"more than 1,000,001",6.0,49.47,24760473.0
6113,亞矽,2018-08-17,total,3421.0,100.0,50047100.0
6113,亞矽,2018-08-24,1-999,747.0,0.24,121940.0
6113,亞矽,2018-08-24,"1,000-5,000",1888.0,8.47,4242316.0
6113,亞矽,2018-08-24,"10,001-15,000",99.0,2.54,1275950.0
6113,亞矽,2018-08-24,"100,001-200,000",24.0,6.23,3121530.0
6113,亞矽,2018-08-24,"15,001-20,000",91.0,3.45,1728616.0
6113,亞矽,2018-08-24,"20,001-30,000",64.0,3.3,1656110.0
6113,亞矽,2018-08-24,"200,001-400,000",10.0,5.79,2899000.0
6113,亞矽,2018-08-24,"30,001-40,000",32.0,2.22,1115005.0
6113,亞矽,2018-08-24,"40,001-50,000",28.0,2.58,1296128.0
6113,亞矽,2018-08-24,"400,001-600,000",1.0,0.9,452000.0
6113,亞矽,2018-08-24,"5,001-10,000",393.0,6.76,3385404.0
6113,亞矽,2018-08-24,"50,001-100,000",47.0,6.56,3285880.0
6113,亞矽,2018-08-24,"600,001-800,000",1.0,1.41,706748.0
6113,亞矽,2018-08-24,"800,001-1,000,000",0.0,0.0,0.0
6113,亞矽,2018-08-24,"more than 1,000,001",6.0,49.47,24760473.0
6113,亞矽,2018-08-24,total,3431.0,100.0,50047100.0
6113,亞矽,2018-09-07,1-999,756.0,0.24,123542.0
6113,亞矽,2018-09-07,"1,000-5,000",2054.0,9.03,4523713.0
6113,亞矽,2018-09-07,"10,001-15,000",99.0,2.52,1263950.0
6113,亞矽,2018-09-07,"100,001-200,000",25.0,6.5,3256530.0
6113,亞矽,2018-09-07,"15,001-20,000",90.0,3.41,1707617.0
6113,亞矽,2018-09-07,"20,001-30,000",65.0,3.29,1651110.0
6113,亞矽,2018-09-07,"200,001-400,000",6.0,3.14,1572000.0
6113,亞矽,2018-09-07,"30,001-40,000",31.0,2.16,1083333.0
6113,亞矽,2018-09-07,"40,001-50,000",29.0,2.69,1346800.0
6113,亞矽,2018-09-07,"400,001-600,000",2.0,1.91,956000.0
6113,亞矽,2018-09-07,"5,001-10,000",428.0,7.4,3706404.0
6113,亞矽,2018-09-07,"50,001-100,000",48.0,6.77,3388880.0
6113,亞矽,2018-09-07,"600,001-800,000",1.0,1.41,706748.0
6113,亞矽,2018-09-07,"800,001-1,000,000",0.0,0.0,0.0
6113,亞矽,2018-09-07,"more than 1,000,001",6.0,49.47,24760473.0
6113,亞矽,2018-09-07,total,3640.0,100.0,50047100.0
6113,亞矽,2018-09-14,1-999,759.0,0.24,123743.0
6113,亞矽,2018-09-14,"1,000-5,000",2046.0,9.04,4528513.0
6113,亞矽,2018-09-14,"10,001-15,000",103.0,2.63,1316950.0
6113,亞矽,2018-09-14,"100,001-200,000",20.0,5.13,2568530.0
6113,亞矽,2018-09-14,"15,001-20,000",92.0,3.49,1747616.0
6113,亞矽,2018-09-14,"20,001-30,000",68.0,3.47,1739110.0
6113,亞矽,2018-09-14,"200,001-400,000",7.0,3.77,1889000.0
6113,亞矽,2018-09-14,"30,001-40,000",32.0,2.26,1134005.0
6113,亞矽,2018-09-14,"40,001-50,000",28.0,2.6,1306128.0
6113,亞矽,2018-09-14,"400,001-600,000",2.0,1.87,936000.0
6113,亞矽,2018-09-14,"5,001-10,000",409.0,7.05,3530404.0
6113,亞矽,2018-09-14,"50,001-100,000",52.0,7.51,3759880.0
6113,亞矽,2018-09-14,"600,001-800,000",1.0,1.41,706748.0
6113,亞矽,2018-09-14,"800,001-1,000,000",0.0,0.0,0.0
6113,亞矽,2018-09-14,"more than 1,000,001",6.0,49.47,24760473.0
6113,亞矽,2018-09-14,total,3625.0,100.0,50047100.0
6113,亞矽,2018-09-21,1-999,764.0,0.25,125143.0
6113,亞矽,2018-09-21,"1,000-5,000",2058.0,9.09,4550113.0
6113,亞矽,2018-09-21,"10,001-15,000",104.0,2.64,1325950.0
6113,亞矽,2018-09-21,"100,001-200,000",21.0,5.5,2757530.0
6113,亞矽,2018-09-21,"15,001-20,000",90.0,3.42,1715616.0
6113,亞矽,2018-09-21,"20,001-30,000",65.0,3.28,1645110.0
6113,亞矽,2018-09-21,"200,001-400,000",6.0,3.32,1666000.0
6113,亞矽,2018-09-21,"30,001-40,000",36.0,2.57,1287005.0
6113,亞矽,2018-09-21,"40,001-50,000",26.0,2.44,1224128.0
6113,亞矽,2018-09-21,"400,001-600,000",2.0,1.88,942000.0
6113,亞矽,2018-09-21,"5,001-10,000",426.0,7.33,3670404.0
6113,亞矽,2018-09-21,"50,001-100,000",52.0,7.33,3670880.0
6113,亞矽,2018-09-21,"600,001-800,000",1.0,1.41,706748.0
6113,亞矽,2018-09-21,"800,001-1,000,000",0.0,0.0,0.0
6113,亞矽,2018-09-21,"more than 1,000,001",6.0,49.47,24760473.0
6113,亞矽,2018-09-21,total,3657.0,100.0,50047100.0
6113,亞矽,2018-09-28,1-999,768.0,0.25,125343.0
6113,亞矽,2018-09-28,"1,000-5,000",2067.0,9.13,4571913.0
6113,亞矽,2018-09-28,"10,001-15,000",99.0,2.54,1274950.0
6113,亞矽,2018-09-28,"100,001-200,000",21.0,5.45,2730530.0
6113,亞矽,2018-09-28,"15,001-20,000",91.0,3.44,1725616.0
6113,亞矽,2018-09-28,"20,001-30,000",67.0,3.4,1702110.0
6113,亞矽,2018-09-28,"200,001-400,000",7.0,4.07,2037000.0
6113,亞矽,2018-09-28,"30,001-40,000",35.0,2.48,1245005.0
6113,亞矽,2018-09-28,"40,001-50,000",25.0,2.33,1169128.0
6113,亞矽,2018-09-28,"400,001-600,000",1.0,1.13,569000.0
6113,亞矽,2018-09-28,"5,001-10,000",422.0,7.25,3633404.0
6113,亞矽,2018-09-28,"50,001-100,000",54.0,7.64,3825880.0
6113,亞矽,2018-09-28,"600,001-800,000",1.0,1.41,706748.0
6113,亞矽,2018-09-28,"800,001-1,000,000",0.0,0.0,0.0
6113,亞矽,2018-09-28,"more than 1,000,001",6.0,49.41,24730473.0
6113,亞矽,2018-09-28,total,3664.0,100.0,50047100.0
6113,亞矽,2018-10-12,1-999,771.0,0.25,125619.0
6113,亞矽,2018-10-12,"1,000-5,000",2131.0,9.34,4675369.0
6113,亞矽,2018-10-12,"10,001-15,000",108.0,2.73,1370950.0
6113,亞矽,2018-10-12,"100,001-200,000",27.0,7.08,3545530.0
6113,亞矽,2018-10-12,"15,001-20,000",97.0,3.68,1846358.0
6113,亞矽,2018-10-12,"20,001-30,000",73.0,3.69,1850368.0
6113,亞矽,2018-10-12,"200,001-400,000",4.0,2.1,1052000.0
6113,亞矽,2018-10-12,"30,001-40,000",36.0,2.53,1269005.0
6113,亞矽,2018-10-12,"40,001-50,000",25.0,2.32,1165128.0
6113,亞矽,2018-10-12,"400,001-600,000",1.0,1.19,598000.0
6113,亞矽,2018-10-12,"5,001-10,000",411.0,7.04,3525404.0
6113,亞矽,2018-10-12,"50,001-100,000",51.0,7.22,3617880.0
6113,亞矽,2018-10-12,"600,001-800,000",1.0,1.41,706748.0
6113,亞矽,2018-10-12,"800,001-1,000,000",0.0,0.0,0.0
6113,亞矽,2018-10-12,"more than 1,000,001",6.0,49.35,24698741.0
6113,亞矽,2018-10-12,total,3742.0,100.0,50047100.0
6113,亞矽,2018-10-19,1-999,772.0,0.25,126619.0
6113,亞矽,2018-10-19,"1,000-5,000",2121.0,9.29,4650369.0
6113,亞矽,2018-10-19,"10,001-15,000",106.0,2.68,1344950.0
6113,亞矽,2018-10-19,"100,001-200,000",24.0,6.27,3141530.0
6113,亞矽,2018-10-19,"15,001-20,000",96.0,3.64,1824358.0
6113,亞矽,2018-10-19,"20,001-30,000",76.0,3.86,1936368.0
6113,亞矽,2018-10-19,"200,001-400,000",5.0,2.51,1259000.0
6113,亞矽,2018-10-19,"30,001-40,000",36.0,2.51,1260005.0
6113,亞矽,2018-10-19,"40,001-50,000",26.0,2.42,1216128.0
6113,亞矽,2018-10-19,"400,001-600,000",1.0,1.12,563000.0
6113,亞矽,2018-10-19,"5,001-10,000",415.0,7.11,3560404.0
6113,亞矽,2018-10-19,"50,001-100,000",53.0,7.51,3758880.0
6113,亞矽,2018-10-19,"600,001-800,000",1.0,1.41,706748.0
6113,亞矽,2018-10-19,"800,001-1,000,000",0.0,0.0,0.0
6113,亞矽,2018-10-19,"more than 1,000,001",5.0,49.35,24698741.0
6113,亞矽,2018-10-19,total,3737.0,100.0,50047100.0
6113,亞矽,2018-11-09,1-999,768.0,0.25,126186.0
6113,亞矽,2018-11-09,"1,000-5,000",2086.0,9.16,4585802.0
6113,亞矽,2018-11-09,"10,001-15,000",107.0,2.71,1359950.0
6113,亞矽,2018-11-09,"100,001-200,000",27.0,6.75,3382530.0
6113,亞矽,2018-11-09,"15,001-20,000",91.0,3.45,1729358.0
6113,亞矽,2018-11-09,"20,001-30,000",80.0,4.02,2014368.0
6113,亞矽,2018-11-09,"200,001-400,000",5.0,2.6,1303000.0
6113,亞矽,2018-11-09,"30,001-40,000",38.0,2.68,1346005.0
6113,亞矽,2018-11-09,"40,001-50,000",24.0,2.22,1112128.0
6113,亞矽,2018-11-09,"400,001-600,000",1.0,0.98,494000.0
6113,亞矽,2018-11-09,"5,001-10,000",418.0,7.16,3585404.0
6113,亞矽,2018-11-09,"50,001-100,000",50.0,7.19,3602880.0
6113,亞矽,2018-11-09,"600,001-800,000",1.0,1.41,706748.0
6113,亞矽,2018-11-09,"800,001-1,000,000",0.0,0.0,0.0
6113,亞矽,2018-11-09,"more than 1,000,001",5.0,49.35,24698741.0
6113,亞矽,2018-11-09,total,3701.0,100.0,50047100.0
6113,亞矽,2018-11-16,1-999,772.0,0.25,127053.0
6113,亞矽,2018-11-16,"1,000-5,000",2070.0,9.07,4543935.0
6113,亞矽,2018-11-16,"10,001-15,000",108.0,2.73,1368950.0
6113,亞矽,2018-11-16,"100,001-200,000",26.0,6.63,3322530.0
6113,亞矽,2018-11-16,"15,001-20,000",94.0,3.56,1782358.0
6113,亞矽,2018-11-16,"20,001-30,000",79.0,3.98,1992368.0
6113,亞矽,2018-11-16,"200,001-400,000",5.0,2.59,1301000.0
6113,亞矽,2018-11-16,"30,001-40,000",36.0,2.54,1274005.0
6113,亞矽,2018-11-16,"40,001-50,000",25.0,2.3,1154128.0
6113,亞矽,2018-11-16,"400,001-600,000",1.0,0.98,494000.0
6113,亞矽,2018-11-16,"5,001-10,000",415.0,7.11,3561404.0
6113,亞矽,2018-11-16,"50,001-100,000",51.0,7.43,3719880.0
6113,亞矽,2018-11-16,"600,001-800,000",1.0,1.41,706748.0
6113,亞矽,2018-11-16,"800,001-1,000,000",0.0,0.0,0.0
6113,亞矽,2018-11-16,"more than 1,000,001",5.0,49.35,24698741.0
6113,亞矽,2018-11-16,total,3688.0,100.0,50047100.0
6113,亞矽,2018-11-23,1-999,772.0,0.25,127053.0
6113,亞矽,2018-11-23,"1,000-5,000",2069.0,9.06,4538935.0
6113,亞矽,2018-11-23,"10,001-15,000",104.0,2.63,1318950.0
6113,亞矽,2018-11-23,"100,001-200,000",25.0,6.35,3179530.0
6113,亞矽,2018-11-23,"15,001-20,000",93.0,3.52,1766358.0
6113,亞矽,2018-11-23,"20,001-30,000",76.0,3.81,1910368.0
6113,亞矽,2018-11-23,"200,001-400,000",5.0,2.64,1322000.0
6113,亞矽,2018-11-23,"30,001-40,000",38.0,2.68,1343005.0
6113,亞矽,2018-11-23,"40,001-50,000",25.0,2.3,1154128.0
6113,亞矽,2018-11-23,"400,001-600,000",0.0,0.0,0.0
6113,亞矽,2018-11-23,"5,001-10,000",417.0,7.12,3565404.0
6113,亞矽,2018-11-23,"50,001-100,000",52.0,7.6,3807880.0
6113,亞矽,2018-11-23,"600,001-800,000",2.0,2.62,1314748.0
6113,亞矽,2018-11-23,"800,001-1,000,000",0.0,0.0,0.0
6113,亞矽,2018-11-23,"more than 1,000,001",5.0,49.35,24698741.0
6113,亞矽,2018-11-23,total,3683.0,100.0,50047100.0
6113,亞矽,2018-12-07,1-999,775.0,0.25,127422.0
6113,亞矽,2018-12-07,"1,000-5,000",2062.0,8.99,4503566.0
6113,亞矽,2018-12-07,"10,001-15,000",104.0,2.64,1323950.0
6113,亞矽,2018-12-07,"100,001-200,000",25.0,6.43,3221530.0
6113,亞矽,2018-12-07,"15,001-20,000",92.0,3.49,1748358.0
6113,亞矽,2018-12-07,"20,001-30,000",81.0,4.08,2045368.0
6113,亞矽,2018-12-07,"200,001-400,000",5.0,2.61,1309000.0
6113,亞矽,2018-12-07,"30,001-40,000",38.0,2.69,1347005.0
6113,亞矽,2018-12-07,"40,001-50,000",27.0,2.47,1237128.0
6113,亞矽,2018-12-07,"400,001-600,000",0.0,0.0,0.0
6113,亞矽,2018-12-07,"5,001-10,000",410.0,7.04,3525404.0
6113,亞矽,2018-12-07,"50,001-100,000",48.0,6.96,3486880.0
6113,亞矽,2018-12-07,"600,001-800,000",2.0,2.94,1472748.0
6113,亞矽,2018-12-07,"800,001-1,000,000",0.0,0.0,0.0
6113,亞矽,2018-12-07,"more than 1,000,001",5.0,49.35,24698741.0
6113,亞矽,2018-12-07,total,3674.0,100.0,50047100.0
6113,亞矽,2018-12-14,1-999,774.0,0.25,127144.0
6113,亞矽,2018-12-14,"1,000-5,000",2061.0,9.01,4510844.0
6113,亞矽,2018-12-14,"10,001-15,000",106.0,2.69,1350950.0
6113,亞矽,2018-12-14,"100,001-200,000",25.0,6.37,3188530.0
6113,亞矽,2018-12-14,"15,001-20,000",90.0,3.41,1709358.0
6113,亞矽,2018-12-14,"20,001-30,000",80.0,4.02,2014368.0
6113,亞矽,2018-12-14,"200,001-400,000",5.0,2.64,1322000.0
6113,亞矽,2018-12-14,"30,001-40,000",40.0,2.82,1415005.0
6113,亞矽,2018-12-14,"40,001-50,000",24.0,2.19,1099128.0
6113,亞矽,2018-12-14,"400,001-600,000",0.0,0.0,0.0
6113,亞矽,2018-12-14,"5,001-10,000",408.0,7.03,3518404.0
6113,亞矽,2018-12-14,"50,001-100,000",50.0,7.24,3625880.0
6113,亞矽,2018-12-14,"600,001-800,000",2.0,2.93,1466748.0
6113,亞矽,2018-12-14,"800,001-1,000,000",0.0,0.0,0.0
6113,亞矽,2018-12-14,"more than 1,000,001",5.0,49.35,24698741.0
6113,亞矽,2018-12-14,total,3670.0,100.0,50047100.0
6113,亞矽,2018-12-22,1-999,775.0,0.25,127144.0
6113,亞矽,2018-12-22,"1,000-5,000",2062.0,9.01,4512844.0
6113,亞矽,2018-12-22,"10,001-15,000",107.0,2.71,1358950.0
6113,亞矽,2018-12-22,"100,001-200,000",25.0,6.37,3189530.0
6113,亞矽,2018-12-22,"15,001-20,000",90.0,3.41,1710358.0
6113,亞矽,2018-12-22,"20,001-30,000",78.0,3.89,1947368.0
6113,亞矽,2018-12-22,"200,001-400,000",5.0,2.64,1324000.0
6113,亞矽,2018-12-22,"30,001-40,000",41.0,2.88,1443005.0
6113,亞矽,2018-12-22,"40,001-50,000",26.0,2.39,1196128.0
6113,亞矽,2018-12-22,"400,001-600,000",0.0,0.0,0.0
6113,亞矽,2018-12-22,"5,001-10,000",403.0,6.94,3474404.0
6113,亞矽,2018-12-22,"50,001-100,000",49.0,7.16,3587880.0
6113,亞矽,2018-12-22,"600,001-800,000",2.0,2.95,1476748.0
6113,亞矽,2018-12-22,"800,001-1,000,000",0.0,0.0,0.0
6113,亞矽,2018-12-22,"more than 1,000,001",5.0,49.35,24698741.0
6113,亞矽,2018-12-22,total,3668.0,100.0,50047100.0
6113,亞矽,2018-12-28,1-999,775.0,0.25,127154.0
6113,亞矽,2018-12-28,"1,000-5,000",2051.0,8.96,4488834.0
6113,亞矽,2018-12-28,"10,001-15,000",107.0,2.72,1363950.0
6113,亞矽,2018-12-28,"100,001-200,000",25.0,6.42,3216530.0
6113,亞矽,2018-12-28,"15,001-20,000",89.0,3.37,1691358.0
6113,亞矽,2018-12-28,"20,001-30,000",79.0,3.93,1970368.0
6113,亞矽,2018-12-28,"200,001-400,000",5.0,2.62,1315000.0
6113,亞矽,2018-12-28,"30,001-40,000",39.0,2.76,1386005.0
6113,亞矽,2018-12-28,"40,001-50,000",27.0,2.48,1246128.0
6113,亞矽,2018-12-28,"400,001-600,000",0.0,0.0,0.0
6113,亞矽,2018-12-28,"5,001-10,000",405.0,6.97,3491404.0
6113,亞矽,2018-12-28,"50,001-100,000",49.0,7.13,3568880.0
6113,亞矽,2018-12-28,"600,001-800,000",2.0,2.96,1482748.0
6113,亞矽,2018-12-28,"800,001-1,000,000",0.0,0.0,0.0
6113,亞矽,2018-12-28,"more than 1,000,001",5.0,49.35,24698741.0
6113,亞矽,2018-12-28,total,3658.0,100.0,50047100.0
6113,亞矽,2019-01-04,1-999,776.0,0.25,127755.0
6113,亞矽,2019-01-04,"1,000-5,000",2043.0,8.95,4479233.0
6113,亞矽,2019-01-04,"10,001-15,000",107.0,2.72,1363950.0
6113,亞矽,2019-01-04,"100,001-200,000",25.0,6.45,3230530.0
6113,亞矽,2019-01-04,"15,001-20,000",91.0,3.44,1726358.0
6113,亞矽,2019-01-04,"20,001-30,000",78.0,3.87,1941368.0
6113,亞矽,2019-01-04,"200,001-400,000",5.0,2.62,1314000.0
6113,亞矽,2019-01-04,"30,001-40,000",39.0,2.78,1392005.0
6113,亞矽,2019-01-04,"40,001-50,000",27.0,2.49,1247128.0
6113,亞矽,2019-01-04,"400,001-600,000",0.0,0.0,0.0
6113,亞矽,2019-01-04,"5,001-10,000",403.0,6.93,3472404.0
6113,亞矽,2019-01-04,"50,001-100,000",49.0,7.12,3567880.0
6113,亞矽,2019-01-04,"600,001-800,000",2.0,2.96,1485748.0
6113,亞矽,2019-01-04,"800,001-1,000,000",0.0,0.0,0.0
6113,亞矽,2019-01-04,"more than 1,000,001",5.0,49.35,24698741.0
6113,亞矽,2019-01-04,total,3650.0,100.0,50047100.0
6113,亞矽,2019-01-19,1-999,777.0,0.25,128016.0
6113,亞矽,2019-01-19,"1,000-5,000",2027.0,8.86,4435972.0
6113,亞矽,2019-01-19,"10,001-15,000",109.0,2.77,1389950.0
6113,亞矽,2019-01-19,"100,001-200,000",25.0,6.48,3246530.0
6113,亞矽,2019-01-19,"15,001-20,000",91.0,3.45,1727358.0
6113,亞矽,2019-01-19,"20,001-30,000",77.0,3.84,1923368.0
6113,亞矽,2019-01-19,"200,001-400,000",5.0,2.69,1347000.0
6113,亞矽,2019-01-19,"30,001-40,000",38.0,2.7,1353005.0
6113,亞矽,2019-01-19,"40,001-50,000",28.0,2.58,1296128.0
6113,亞矽,2019-01-19,"400,001-600,000",0.0,0.0,0.0
6113,亞矽,2019-01-19,"5,001-10,000",398.0,6.86,3434404.0
6113,亞矽,2019-01-19,"50,001-100,000",49.0,7.15,3582880.0
6113,亞矽,2019-01-19,"600,001-800,000",2.0,2.96,1483748.0
6113,亞矽,2019-01-19,"800,001-1,000,000",0.0,0.0,0.0
6113,亞矽,2019-01-19,"more than 1,000,001",5.0,49.35,24698741.0
6113,亞矽,2019-01-19,total,3631.0,100.0,50047100.0
6113,亞矽,2019-02-15,1-999,782.0,0.25,129116.0
6113,亞矽,2019-02-15,"1,000-5,000",2009.0,8.76,4389058.0
6113,亞矽,2019-02-15,"10,001-15,000",111.0,2.83,1417950.0
6113,亞矽,2019-02-15,"100,001-200,000",24.0,6.11,3059530.0
6113,亞矽,2019-02-15,"15,001-20,000",88.0,3.35,1678358.0
6113,亞矽,2019-02-15,"20,001-30,000",76.0,3.8,1903368.0
6113,亞矽,2019-02-15,"200,001-400,000",4.0,2.29,1149000.0
6113,亞矽,2019-02-15,"30,001-40,000",37.0,2.61,1310005.0
6113,亞矽,2019-02-15,"40,001-50,000",30.0,2.75,1379128.0
6113,亞矽,2019-02-15,"400,001-600,000",1.0,0.81,406000.0
6113,亞矽,2019-02-15,"5,001-10,000",400.0,6.86,3437218.0
6113,亞矽,2019-02-15,"50,001-100,000",49.0,7.19,3598880.0
6113,亞矽,2019-02-15,"600,001-800,000",2.0,2.97,1490748.0
6113,亞矽,2019-02-15,"800,001-1,000,000",0.0,0.0,0.0
6113,亞矽,2019-02-15,"more than 1,000,001",5.0,49.35,24698741.0
6113,亞矽,2019-02-15,total,3618.0,100.0,50047100.0
6113,亞矽,2019-02-23,1-999,783.0,0.26,130168.0
6113,亞矽,2019-02-23,"1,000-5,000",2008.0,8.75,4382373.0
6113,亞矽,2019-02-23,"10,001-15,000",115.0,2.93,1469950.0
6113,亞矽,2019-02-23,"100,001-200,000",23.0,5.92,2967530.0
6113,亞矽,2019-02-23,"15,001-20,000",88.0,3.36,1682358.0
6113,亞矽,2019-02-23,"20,001-30,000",76.0,3.79,1899368.0
6113,亞矽,2019-02-23,"200,001-400,000",4.0,2.29,1149000.0
6113,亞矽,2019-02-23,"30,001-40,000",39.0,2.76,1384005.0
6113,亞矽,2019-02-23,"40,001-50,000",29.0,2.67,1338128.0
6113,亞矽,2019-02-23,"400,001-600,000",1.0,0.85,427000.0
6113,亞矽,2019-02-23,"5,001-10,000",394.0,6.77,3388851.0
6113,亞矽,2019-02-23,"50,001-100,000",49.0,7.29,3650880.0
6113,亞矽,2019-02-23,"600,001-800,000",2.0,2.95,1478748.0
6113,亞矽,2019-02-23,"800,001-1,000,000",0.0,0.0,0.0
6113,亞矽,2019-02-23,"more than 1,000,001",5.0,49.35,24698741.0
6113,亞矽,2019-02-23,total,3616.0,100.0,50047100.0
6113,亞矽,2019-02-27,1-999,786.0,0.26,130127.0
6113,亞矽,2019-02-27,"1,000-5,000",2115.0,9.26,4635414.0
6113,亞矽,2019-02-27,"10,001-15,000",112.0,2.88,1445950.0
6113,亞矽,2019-02-27,"100,001-200,000",23.0,5.75,2878530.0
6113,亞矽,2019-02-27,"15,001-20,000",100.0,3.8,1904358.0
6113,亞矽,2019-02-27,"20,001-30,000",74.0,3.75,1880696.0
6113,亞矽,2019-02-27,"200,001-400,000",4.0,2.16,1084000.0
6113,亞矽,2019-02-27,"30,001-40,000",39.0,2.75,1378005.0
6113,亞矽,2019-02-27,"40,001-50,000",26.0,2.42,1212800.0
6113,亞矽,2019-02-27,"400,001-600,000",1.0,0.86,433000.0
6113,亞矽,2019-02-27,"5,001-10,000",402.0,6.94,3477851.0
6113,亞矽,2019-02-27,"50,001-100,000",48.0,7.1,3555880.0
6113,亞矽,2019-02-27,"600,001-800,000",2.0,2.66,1331748.0
6113,亞矽,2019-02-27,"800,001-1,000,000",0.0,0.0,0.0
6113,亞矽,2019-02-27,"more than 1,000,001",5.0,49.35,24698741.0
6113,亞矽,2019-02-27,total,3737.0,100.0,50047100.0
6113,亞矽,2019-03-08,1-999,787.0,0.25,129726.0
6113,亞矽,2019-03-08,"1,000-5,000",2062.0,9.02,4514376.0
6113,亞矽,2019-03-08,"10,001-15,000",110.0,2.82,1413950.0
6113,亞矽,2019-03-08,"100,001-200,000",22.0,5.69,2849530.0
6113,亞矽,2019-03-08,"15,001-20,000",103.0,3.91,1961358.0
6113,亞矽,2019-03-08,"20,001-30,000",78.0,3.91,1959807.0
6113,亞矽,2019-03-08,"200,001-400,000",5.0,2.58,1294000.0
6113,亞矽,2019-03-08,"30,001-40,000",39.0,2.75,1378333.0
6113,亞矽,2019-03-08,"40,001-50,000",27.0,2.52,1261800.0
6113,亞矽,2019-03-08,"400,001-600,000",1.0,0.8,403000.0
6113,亞矽,2019-03-08,"5,001-10,000",391.0,6.72,3367851.0
6113,亞矽,2019-03-08,"50,001-100,000",47.0,6.86,3434880.0
6113,亞矽,2019-03-08,"600,001-800,000",2.0,2.75,1379748.0
6113,亞矽,2019-03-08,"800,001-1,000,000",0.0,0.0,0.0
6113,亞矽,2019-03-08,"more than 1,000,001",5.0,49.35,24698741.0
6113,亞矽,2019-03-08,total,3679.0,100.0,50047100.0
6113,亞矽,2019-03-15,1-999,786.0,0.25,129544.0
6113,亞矽,2019-03-15,"1,000-5,000",2047.0,8.94,4474558.0
6113,亞矽,2019-03-15,"10,001-15,000",107.0,2.73,1366950.0
6113,亞矽,2019-03-15,"100,001-200,000",21.0,5.41,2711530.0
6113,亞矽,2019-03-15,"15,001-20,000",98.0,3.73,1869358.0
6113,亞矽,2019-03-15,"20,001-30,000",80.0,3.96,1986807.0
6113,亞矽,2019-03-15,"200,001-400,000",6.0,3.46,1733000.0
6113,亞矽,2019-03-15,"30,001-40,000",37.0,2.6,1306005.0
6113,亞矽,2019-03-15,"40,001-50,000",27.0,2.5,1255128.0
6113,亞矽,2019-03-15,"400,001-600,000",0.0,0.0,0.0
6113,亞矽,2019-03-15,"5,001-10,000",390.0,6.68,3343851.0
6113,亞矽,2019-03-15,"50,001-100,000",52.0,7.46,3734880.0
6113,亞矽,2019-03-15,"600,001-800,000",2.0,2.87,1436748.0
6113,亞矽,2019-03-15,"800,001-1,000,000",0.0,0.0,0.0
6113,亞矽,2019-03-15,"more than 1,000,001",5.0,49.35,24698741.0
6113,亞矽,2019-03-15,total,3658.0,100.0,50047100.0
6113,亞矽,2019-03-22,1-999,787.0,0.25,129644.0
6113,亞矽,2019-03-22,"1,000-5,000",2025.0,8.85,4433458.0
6113,亞矽,2019-03-22,"10,001-15,000",112.0,2.86,1435950.0
6113,亞矽,2019-03-22,"100,001-200,000",22.0,5.67,2842530.0
6113,亞矽,2019-03-22,"15,001-20,000",93.0,3.54,1775358.0
6113,亞矽,2019-03-22,"20,001-30,000",79.0,3.92,1962807.0
6113,亞矽,2019-03-22,"200,001-400,000",5.0,2.82,1414000.0
6113,亞矽,2019-03-22,"30,001-40,000",35.0,2.46,1235005.0
6113,亞矽,2019-03-22,"40,001-50,000",26.0,2.41,1207128.0
6113,亞矽,2019-03-22,"400,001-600,000",1.0,1.09,547000.0
6113,亞矽,2019-03-22,"5,001-10,000",387.0,6.61,3311851.0
6113,亞矽,2019-03-22,"50,001-100,000",51.0,7.37,3692880.0
6113,亞矽,2019-03-22,"600,001-800,000",2.0,2.71,1360748.0
6113,亞矽,2019-03-22,"800,001-1,000,000",0.0,0.0,0.0
6113,亞矽,2019-03-22,"more than 1,000,001",5.0,49.35,24698741.0
6113,亞矽,2019-03-22,total,3630.0,100.0,50047100.0
6113,亞矽,2019-03-29,1-999,786.0,0.26,130366.0
6113,亞矽,2019-03-29,"1,000-5,000",2025.0,8.82,4417736.0
6113,亞矽,2019-03-29,"10,001-15,000",109.0,2.79,1396950.0
6113,亞矽,2019-03-29,"100,001-200,000",23.0,5.87,2938530.0
6113,亞矽,2019-03-29,"15,001-20,000",89.0,3.39,1701358.0
6113,亞矽,2019-03-29,"20,001-30,000",82.0,4.09,2049807.0
6113,亞矽,2019-03-29,"200,001-400,000",5.0,2.78,1395000.0
6113,亞矽,2019-03-29,"30,001-40,000",33.0,2.33,1169005.0
6113,亞矽,2019-03-29,"40,001-50,000",26.0,2.41,1208800.0
6113,亞矽,2019-03-29,"400,001-600,000",1.0,1.1,553000.0
6113,亞矽,2019-03-29,"5,001-10,000",383.0,6.57,3289851.0
6113,亞矽,2019-03-29,"50,001-100,000",51.0,7.39,3699208.0
6113,亞矽,2019-03-29,"600,001-800,000",2.0,2.79,1398748.0
6113,亞矽,2019-03-29,"800,001-1,000,000",0.0,0.0,0.0
6113,亞矽,2019-03-29,"more than 1,000,001",5.0,49.35,24698741.0
6113,亞矽,2019-03-29,total,3620.0,100.0,50047100.0
6113,亞矽,2019-04-03,1-999,785.0,0.26,130705.0
6113,亞矽,2019-04-03,"1,000-5,000",2012.0,8.71,4363397.0
6113,亞矽,2019-04-03,"10,001-15,000",112.0,2.87,1436950.0
6113,亞矽,2019-04-03,"100,001-200,000",24.0,6.13,3072530.0
6113,亞矽,2019-04-03,"15,001-20,000",87.0,3.32,1664358.0
6113,亞矽,2019-04-03,"20,001-30,000",79.0,3.95,1977807.0
6113,亞矽,2019-04-03,"200,001-400,000",5.0,2.78,1395000.0
6113,亞矽,2019-04-03,"30,001-40,000",35.0,2.46,1235005.0
6113,亞矽,2019-04-03,"40,001-50,000",28.0,2.58,1295800.0
6113,亞矽,2019-04-03,"400,001-600,000",1.0,1.09,548000.0
6113,亞矽,2019-04-03,"5,001-10,000",380.0,6.48,3245851.0
6113,亞矽,2019-04-03,"50,001-100,000",49.0,7.08,3547208.0
6113,亞矽,2019-04-03,"600,001-800,000",2.0,2.86,1435748.0
6113,亞矽,2019-04-03,"800,001-1,000,000",0.0,0.0,0.0
6113,亞矽,2019-04-03,"more than 1,000,001",5.0,49.35,24698741.0
6113,亞矽,2019-04-03,total,3604.0,100.0,50047100.0
6113,亞矽,2019-04-12,1-999,789.0,0.26,131417.0
6113,亞矽,2019-04-12,"1,000-5,000",1991.0,8.61,4312124.0
6113,亞矽,2019-04-12,"10,001-15,000",109.0,2.78,1395950.0
6113,亞矽,2019-04-12,"100,001-200,000",24.0,6.35,3179530.0
6113,亞矽,2019-04-12,"15,001-20,000",87.0,3.32,1665358.0
6113,亞矽,2019-04-12,"20,001-30,000",81.0,4.07,2040368.0
6113,亞矽,2019-04-12,"200,001-400,000",5.0,2.81,1408000.0
6113,亞矽,2019-04-12,"30,001-40,000",32.0,2.24,1126005.0
6113,亞矽,2019-04-12,"40,001-50,000",28.0,2.58,1291800.0
6113,亞矽,2019-04-12,"400,001-600,000",1.0,1.09,548000.0
6113,亞矽,2019-04-12,"5,001-10,000",377.0,6.42,3214851.0
6113,亞矽,2019-04-12,"50,001-100,000",50.0,7.2,3604208.0
6113,亞矽,2019-04-12,"600,001-800,000",2.0,2.85,1430748.0
6113,亞矽,2019-04-12,"800,001-1,000,000",0.0,0.0,0.0
6113,亞矽,2019-04-12,"more than 1,000,001",5.0,49.35,24698741.0
6113,亞矽,2019-04-12,total,3581.0,100.0,50047100.0
6113,亞矽,2019-04-19,1-999,793.0,0.26,132490.0
6113,亞矽,2019-04-19,"1,000-5,000",1974.0,8.52,4266230.0
6113,亞矽,2019-04-19,"10,001-15,000",107.0,2.72,1365950.0
6113,亞矽,2019-04-19,"100,001-200,000",24.0,6.31,3161530.0
6113,亞矽,2019-04-19,"15,001-20,000",86.0,3.29,1650358.0
6113,亞矽,2019-04-19,"20,001-30,000",78.0,3.9,1954189.0
6113,亞矽,2019-04-19,"200,001-400,000",5.0,2.94,1476000.0
6113,亞矽,2019-04-19,"30,001-40,000",33.0,2.31,1160005.0
6113,亞矽,2019-04-19,"40,001-50,000",28.0,2.56,1283800.0
6113,亞矽,2019-04-19,"400,001-600,000",1.0,1.08,542000.0
6113,亞矽,2019-04-19,"5,001-10,000",371.0,6.32,3165851.0
6113,亞矽,2019-04-19,"50,001-100,000",52.0,7.6,3804208.0
6113,亞矽,2019-04-19,"600,001-800,000",2.0,2.76,1385748.0
6113,亞矽,2019-04-19,"800,001-1,000,000",0.0,0.0,0.0
6113,亞矽,2019-04-19,"more than 1,000,001",5.0,49.35,24698741.0
6113,亞矽,2019-04-19,total,3559.0,100.0,50047100.0
6113,亞矽,2019-04-26,1-999,792.0,0.26,132144.0
6113,亞矽,2019-04-26,"1,000-5,000",1961.0,8.45,4229576.0
6113,亞矽,2019-04-26,"10,001-15,000",110.0,2.8,1402950.0
6113,亞矽,2019-04-26,"100,001-200,000",25.0,6.54,3276530.0
6113,亞矽,2019-04-26,"15,001-20,000",87.0,3.32,1665358.0
6113,亞矽,2019-04-26,"20,001-30,000",75.0,3.78,1894189.0
6113,亞矽,2019-04-26,"200,001-400,000",7.0,4.22,2115000.0
6113,亞矽,2019-04-26,"30,001-40,000",34.0,2.39,1198005.0
6113,亞矽,2019-04-26,"40,001-50,000",29.0,2.65,1329800.0
6113,亞矽,2019-04-26,"400,001-600,000",0.0,0.0,0.0
6113,亞矽,2019-04-26,"5,001-10,000",368.0,6.27,3141851.0
6113,亞矽,2019-04-26,"50,001-100,000",49.0,7.12,3568208.0
6113,亞矽,2019-04-26,"600,001-800,000",2.0,2.78,1394748.0
6113,亞矽,2019-04-26,"800,001-1,000,000",0.0,0.0,0.0
6113,亞矽,2019-04-26,"more than 1,000,001",5.0,49.35,24698741.0
6113,亞矽,2019-04-26,total,3544.0,100.0,50047100.0
6113,亞矽,2019-05-03,1-999,795.0,0.26,132144.0
6113,亞矽,2019-05-03,"1,000-5,000",1953.0,8.44,4228576.0
6113,亞矽,2019-05-03,"10,001-15,000",109.0,2.77,1386950.0
6113,亞矽,2019-05-03,"100,001-200,000",25.0,6.53,3269530.0
6113,亞矽,2019-05-03,"15,001-20,000",86.0,3.29,1647358.0
6113,亞矽,2019-05-03,"20,001-30,000",75.0,3.81,1910189.0
6113,亞矽,2019-05-03,"200,001-400,000",7.0,4.22,2114000.0
6113,亞矽,2019-05-03,"30,001-40,000",32.0,2.24,1123005.0
6113,亞矽,2019-05-03,"40,001-50,000",29.0,2.65,1330800.0
6113,亞矽,2019-05-03,"400,001-600,000",0.0,0.0,0.0
6113,亞矽,2019-05-03,"5,001-10,000",367.0,6.26,3137851.0
6113,亞矽,2019-05-03,"50,001-100,000",50.0,7.26,3635208.0
6113,亞矽,2019-05-03,"600,001-800,000",2.0,2.86,1432748.0
6113,亞矽,2019-05-03,"800,001-1,000,000",0.0,0.0,0.0
6113,亞矽,2019-05-03,"more than 1,000,001",5.0,49.35,24698741.0
6113,亞矽,2019-05-03,total,3535.0,100.0,50047100.0
6113,亞矽,2019-05-10,1-999,798.0,0.26,132420.0
6113,亞矽,2019-05-10,"1,000-5,000",1953.0,8.5,4257376.0
6113,亞矽,2019-05-10,"10,001-15,000",106.0,2.7,1354950.0
6113,亞矽,2019-05-10,"100,001-200,000",25.0,6.53,3270530.0
6113,亞矽,2019-05-10,"15,001-20,000",91.0,3.45,1727358.0
6113,亞矽,2019-05-10,"20,001-30,000",73.0,3.7,1855189.0
6113,亞矽,2019-05-10,"200,001-400,000",7.0,4.25,2129000.0
6113,亞矽,2019-05-10,"30,001-40,000",34.0,2.37,1191005.0
6113,亞矽,2019-05-10,"40,001-50,000",28.0,2.57,1287800.0
6113,亞矽,2019-05-10,"400,001-600,000",0.0,0.0,0.0
6113,亞矽,2019-05-10,"5,001-10,000",362.0,6.2,3103775.0
6113,亞矽,2019-05-10,"50,001-100,000",50.0,7.27,3639208.0
6113,亞矽,2019-05-10,"600,001-800,000",2.0,2.79,1399748.0
6113,亞矽,2019-05-10,"800,001-1,000,000",0.0,0.0,0.0
6113,亞矽,2019-05-10,"more than 1,000,001",5.0,49.35,24698741.0
6113,亞矽,2019-05-10,total,3534.0,100.0,50047100.0
6113,亞矽,2019-05-17,1-999,798.0,0.26,133456.0
6113,亞矽,2019-05-17,"1,000-5,000",1945.0,8.47,4240670.0
6113,亞矽,2019-05-17,"10,001-15,000",101.0,2.57,1287620.0
6113,亞矽,2019-05-17,"100,001-200,000",25.0,6.5,3256530.0
6113,亞矽,2019-05-17,"15,001-20,000",91.0,3.45,1728358.0
6113,亞矽,2019-05-17,"20,001-30,000",73.0,3.7,1853189.0
6113,亞矽,2019-05-17,"200,001-400,000",6.0,3.49,1751000.0
6113,亞矽,2019-05-17,"30,001-40,000",32.0,2.23,1118005.0
6113,亞矽,2019-05-17,"40,001-50,000",28.0,2.58,1292800.0
6113,亞矽,2019-05-17,"400,001-600,000",1.0,0.84,421000.0
6113,亞矽,2019-05-17,"5,001-10,000",360.0,6.19,3101775.0
6113,亞矽,2019-05-17,"50,001-100,000",51.0,7.52,3764208.0
6113,亞矽,2019-05-17,"600,001-800,000",2.0,2.79,1399748.0
6113,亞矽,2019-05-17,"800,001-1,000,000",0.0,0.0,0.0
6113,亞矽,2019-05-17,"more than 1,000,001",5.0,49.35,24698741.0
6113,亞矽,2019-05-17,total,3518.0,100.0,50047100.0
6113,亞矽,2019-05-24,1-999,800.0,0.26,133452.0
6113,亞矽,2019-05-24,"1,000-5,000",1940.0,8.41,4213674.0
6113,亞矽,2019-05-24,"10,001-15,000",102.0,2.6,1304620.0
6113,亞矽,2019-05-24,"100,001-200,000",27.0,7.18,3594530.0
6113,亞矽,2019-05-24,"15,001-20,000",91.0,3.46,1732358.0
6113,亞矽,2019-05-24,"20,001-30,000",75.0,3.79,1899189.0
6113,亞矽,2019-05-24,"200,001-400,000",6.0,3.49,1751000.0
6113,亞矽,2019-05-24,"30,001-40,000",31.0,2.16,1082005.0
6113,亞矽,2019-05-24,"40,001-50,000",29.0,2.67,1340800.0
6113,亞矽,2019-05-24,"400,001-600,000",2.0,2.01,1007000.0
6113,亞矽,2019-05-24,"5,001-10,000",356.0,6.11,3059775.0
6113,亞矽,2019-05-24,"50,001-100,000",48.0,7.03,3523208.0
6113,亞矽,2019-05-24,"600,001-800,000",1.0,1.41,706748.0
6113,亞矽,2019-05-24,"800,001-1,000,000",0.0,0.0,0.0
6113,亞矽,2019-05-24,"more than 1,000,001",5.0,49.35,24698741.0
6113,亞矽,2019-05-24,total,3513.0,100.0,50047100.0
6113,亞矽,2019-05-31,1-999,800.0,0.26,133715.0
6113,亞矽,2019-05-31,"1,000-5,000",1927.0,8.33,4173411.0
6113,亞矽,2019-05-31,"10,001-15,000",100.0,2.56,1285620.0
6113,亞矽,2019-05-31,"100,001-200,000",27.0,7.23,3621530.0
6113,亞矽,2019-05-31,"15,001-20,000",93.0,3.53,1767358.0
6113,亞矽,2019-05-31,"20,001-30,000",78.0,3.98,1994189.0
6113,亞矽,2019-05-31,"200,001-400,000",6.0,3.58,1793000.0
6113,亞矽,2019-05-31,"30,001-40,000",31.0,2.17,1087005.0
6113,亞矽,2019-05-31,"40,001-50,000",26.0,2.4,1204800.0
6113,亞矽,2019-05-31,"400,001-600,000",2.0,2.02,1011000.0
6113,亞矽,2019-05-31,"5,001-10,000",355.0,6.1,3056775.0
6113,亞矽,2019-05-31,"50,001-100,000",48.0,7.01,3513208.0
6113,亞矽,2019-05-31,"600,001-800,000",1.0,1.41,706748.0
6113,亞矽,2019-05-31,"800,001-1,000,000",0.0,0.0,0.0
6113,亞矽,2019-05-31,"more than 1,000,001",5.0,49.35,24698741.0
6113,亞矽,2019-05-31,total,3499.0,100.0,50047100.0
6113,亞矽,2019-06-06,1-999,803.0,0.26,133790.0
6113,亞矽,2019-06-06,"1,000-5,000",1927.0,8.32,4164026.0
6113,亞矽,2019-06-06,"10,001-15,000",100.0,2.56,1284620.0
6113,亞矽,2019-06-06,"100,001-200,000",27.0,7.21,3612840.0
6113,亞矽,2019-06-06,"15,001-20,000",94.0,3.57,1789358.0
6113,亞矽,2019-06-06,"20,001-30,000",75.0,3.8,1902189.0
6113,亞矽,2019-06-06,"200,001-400,000",6.0,3.56,1785000.0
6113,亞矽,2019-06-06,"30,001-40,000",34.0,2.38,1193005.0
6113,亞矽,2019-06-06,"40,001-50,000",26.0,2.4,1204800.0
6113,亞矽,2019-06-06,"400,001-600,000",2.0,2.02,1012000.0
6113,亞矽,2019-06-06,"5,001-10,000",354.0,6.09,3049775.0
6113,亞矽,2019-06-06,"50,001-100,000",48.0,7.01,3510208.0
6113,亞矽,2019-06-06,"600,001-800,000",1.0,1.41,706748.0
6113,亞矽,2019-06-06,"800,001-1,000,000",0.0,0.0,0.0
6113,亞矽,2019-06-06,"more than 1,000,001",5.0,49.35,24698741.0
6113,亞矽,2019-06-06,total,3502.0,100.0,50047100.0
6113,亞矽,2019-06-14,1-999,803.0,0.26,134065.0
6113,亞矽,2019-06-14,"1,000-5,000",1928.0,8.34,4175061.0
6113,亞矽,2019-06-14,"10,001-15,000",100.0,2.56,1285620.0
6113,亞矽,2019-06-14,"100,001-200,000",26.0,6.88,3445530.0
6113,亞矽,2019-06-14,"15,001-20,000",93.0,3.53,1771358.0
6113,亞矽,2019-06-14,"20,001-30,000",77.0,3.92,1964189.0
6113,亞矽,2019-06-14,"200,001-400,000",6.0,3.56,1785000.0
6113,亞矽,2019-06-14,"30,001-40,000",34.0,2.38,1192005.0
6113,亞矽,2019-06-14,"40,001-50,000",25.0,2.32,1161800.0
6113,亞矽,2019-06-14,"400,001-600,000",2.0,2.02,1012000.0
6113,亞矽,2019-06-14,"5,001-10,000",353.0,6.08,3046775.0
6113,亞矽,2019-06-14,"50,001-100,000",50.0,7.32,3668208.0
6113,亞矽,2019-06-14,"600,001-800,000",1.0,1.41,706748.0
6113,亞矽,2019-06-14,"800,001-1,000,000",0.0,0.0,0.0
6113,亞矽,2019-06-14,"more than 1,000,001",5.0,49.35,24698741.0
6113,亞矽,2019-06-14,total,3503.0,100.0,50047100.0
6113,亞矽,2019-06-21,1-999,805.0,0.26,134062.0
6113,亞矽,2019-06-21,"1,000-5,000",1916.0,8.25,4133064.0
6113,亞矽,2019-06-21,"10,001-15,000",102.0,2.62,1311620.0
6113,亞矽,2019-06-21,"100,001-200,000",26.0,6.9,3454530.0
6113,亞矽,2019-06-21,"15,001-20,000",95.0,3.61,1811358.0
6113,亞矽,2019-06-21,"20,001-30,000",74.0,3.77,1887189.0
6113,亞矽,2019-06-21,"200,001-400,000",6.0,3.59,1799000.0
6113,亞矽,2019-06-21,"30,001-40,000",35.0,2.44,1222005.0
6113,亞矽,2019-06-21,"40,001-50,000",25.0,2.31,1159800.0
6113,亞矽,2019-06-21,"400,001-600,000",2.0,2.07,1039000.0
6113,亞矽,2019-06-21,"5,001-10,000",350.0,6.02,3013775.0
6113,亞矽,2019-06-21,"50,001-100,000",50.0,7.34,3676208.0
6113,亞矽,2019-06-21,"600,001-800,000",1.0,1.41,706748.0
6113,亞矽,2019-06-21,"800,001-1,000,000",0.0,0.0,0.0
6113,亞矽,2019-06-21,"more than 1,000,001",5.0,49.35,24698741.0
6113,亞矽,2019-06-21,total,3492.0,100.0,50047100.0
6113,亞矽,2019-06-28,1-999,805.0,0.26,134293.0
6113,亞矽,2019-06-28,"1,000-5,000",1916.0,8.25,4132833.0
6113,亞矽,2019-06-28,"10,001-15,000",100.0,2.56,1285620.0
6113,亞矽,2019-06-28,"100,001-200,000",25.0,6.48,3244530.0
6113,亞矽,2019-06-28,"15,001-20,000",94.0,3.58,1792358.0
6113,亞矽,2019-06-28,"20,001-30,000",74.0,3.75,1881189.0
6113,亞矽,2019-06-28,"200,001-400,000",6.0,3.22,1614000.0
6113,亞矽,2019-06-28,"30,001-40,000",36.0,2.5,1252005.0
6113,亞矽,2019-06-28,"40,001-50,000",25.0,2.31,1158800.0
6113,亞矽,2019-06-28,"400,001-600,000",3.0,2.9,1454000.0
6113,亞矽,2019-06-28,"5,001-10,000",349.0,5.99,3001775.0
6113,亞矽,2019-06-28,"50,001-100,000",50.0,7.37,3690208.0
6113,亞矽,2019-06-28,"600,001-800,000",1.0,1.41,706748.0
6113,亞矽,2019-06-28,"800,001-1,000,000",0.0,0.0,0.0
6113,亞矽,2019-06-28,"more than 1,000,001",5.0,49.35,24698741.0
6113,亞矽,2019-06-28,total,3489.0,100.0,50047100.0
6113,亞矽,2019-07-05,1-999,802.0,0.26,134097.0
6113,亞矽,2019-07-05,"1,000-5,000",1949.0,8.33,4172029.0
6113,亞矽,2019-07-05,"10,001-15,000",107.0,2.72,1364720.0
6113,亞矽,2019-07-05,"100,001-200,000",25.0,6.42,3215530.0
6113,亞矽,2019-07-05,"15,001-20,000",89.0,3.38,1694358.0
6113,亞矽,2019-07-05,"20,001-30,000",75.0,3.79,1900189.0
6113,亞矽,2019-07-05,"200,001-400,000",7.0,3.99,1998000.0
6113,亞矽,2019-07-05,"30,001-40,000",32.0,2.2,1103005.0
6113,亞矽,2019-07-05,"40,001-50,000",28.0,2.58,1292800.0
6113,亞矽,2019-07-05,"400,001-600,000",2.0,2.13,1071000.0
6113,亞矽,2019-07-05,"5,001-10,000",353.0,6.05,3029675.0
6113,亞矽,2019-07-05,"50,001-100,000",50.0,7.32,3666208.0
6113,亞矽,2019-07-05,"600,001-800,000",1.0,1.41,706748.0
6113,亞矽,2019-07-05,"800,001-1,000,000",0.0,0.0,0.0
6113,亞矽,2019-07-05,"more than 1,000,001",5.0,49.35,24698741.0
6113,亞矽,2019-07-05,total,3525.0,100.0,50047100.0
6113,亞矽,2019-07-12,1-999,804.0,0.26,134926.0
6113,亞矽,2019-07-12,"1,000-5,000",1950.0,8.33,4170200.0
6113,亞矽,2019-07-12,"10,001-15,000",109.0,2.77,1386720.0
6113,亞矽,2019-07-12,"100,001-200,000",24.0,6.27,3140530.0
6113,亞矽,2019-07-12,"15,001-20,000",88.0,3.34,1674358.0
6113,亞矽,2019-07-12,"20,001-30,000",72.0,3.65,1829189.0
6113,亞矽,2019-07-12,"200,001-400,000",7.0,3.99,1997000.0
6113,亞矽,2019-07-12,"30,001-40,000",32.0,2.2,1105005.0
6113,亞矽,2019-07-12,"40,001-50,000",29.0,2.68,1344800.0
6113,亞矽,2019-07-12,"400,001-600,000",1.0,1.05,527000.0
6113,亞矽,2019-07-12,"5,001-10,000",351.0,6.01,3010675.0
6113,亞矽,2019-07-12,"50,001-100,000",50.0,7.4,3708208.0
6113,亞矽,2019-07-12,"600,001-800,000",2.0,2.63,1319748.0
6113,亞矽,2019-07-12,"800,001-1,000,000",0.0,0.0,0.0
6113,亞矽,2019-07-12,"more than 1,000,001",5.0,49.35,24698741.0
6113,亞矽,2019-07-12,total,3524.0,100.0,50047100.0
6113,亞矽,2019-07-19,1-999,811.0,0.27,136269.0
6113,亞矽,2019-07-19,"1,000-5,000",1945.0,8.29,4150857.0
6113,亞矽,2019-07-19,"10,001-15,000",107.0,2.72,1362720.0
6113,亞矽,2019-07-19,"100,001-200,000",22.0,5.66,2837211.0
6113,亞矽,2019-07-19,"15,001-20,000",87.0,3.31,1658358.0
6113,亞矽,2019-07-19,"20,001-30,000",73.0,3.7,1854189.0
6113,亞矽,2019-07-19,"200,001-400,000",8.0,4.42,2213000.0
6113,亞矽,2019-07-19,"30,001-40,000",32.0,2.2,1105005.0
6113,亞矽,2019-07-19,"40,001-50,000",28.0,2.58,1295800.0
6113,亞矽,2019-07-19,"400,001-600,000",1.0,1.06,532000.0
6113,亞矽,2019-07-19,"5,001-10,000",356.0,6.08,3044675.0
6113,亞矽,2019-07-19,"50,001-100,000",52.0,7.68,3848527.0
6113,亞矽,2019-07-19,"600,001-800,000",2.0,2.61,1309748.0
6113,亞矽,2019-07-19,"800,001-1,000,000",0.0,0.0,0.0
6113,亞矽,2019-07-19,"more than 1,000,001",5.0,49.35,24698741.0
6113,亞矽,2019-07-19,total,3529.0,100.0,50047100.0
6113,亞矽,2019-07-26,1-999,813.0,0.27,136313.0
6113,亞矽,2019-07-26,"1,000-5,000",1943.0,8.27,4142813.0
6113,亞矽,2019-07-26,"10,001-15,000",108.0,2.74,1374720.0
6113,亞矽,2019-07-26,"100,001-200,000",22.0,5.89,2949211.0
6113,亞矽,2019-07-26,"15,001-20,000",87.0,3.3,1654358.0
6113,亞矽,2019-07-26,"20,001-30,000",74.0,3.74,1873189.0
6113,亞矽,2019-07-26,"200,001-400,000",7.0,4.01,2010000.0
6113,亞矽,2019-07-26,"30,001-40,000",34.0,2.36,1182005.0
6113,亞矽,2019-07-26,"40,001-50,000",27.0,2.49,1246800.0
6113,亞矽,2019-07-26,"400,001-600,000",1.0,1.08,542000.0
6113,亞矽,2019-07-26,"5,001-10,000",354.0,6.04,3025675.0
6113,亞矽,2019-07-26,"50,001-100,000",53.0,7.79,3900527.0
6113,亞矽,2019-07-26,"600,001-800,000",2.0,2.61,1310748.0
6113,亞矽,2019-07-26,"800,001-1,000,000",0.0,0.0,0.0
6113,亞矽,2019-07-26,"more than 1,000,001",5.0,49.35,24698741.0
6113,亞矽,2019-07-26,total,3530.0,100.0,50047100.0
6113,亞矽,2019-08-02,1-999,810.0,0.27,135443.0
6113,亞矽,2019-08-02,"1,000-5,000",1987.0,8.49,4249683.0
6113,亞矽,2019-08-02,"10,001-15,000",109.0,2.78,1393720.0
6113,亞矽,2019-08-02,"100,001-200,000",21.0,5.49,2750211.0
6113,亞矽,2019-08-02,"15,001-20,000",89.0,3.38,1693358.0
6113,亞矽,2019-08-02,"20,001-30,000",71.0,3.63,1819189.0
6113,亞矽,2019-08-02,"200,001-400,000",7.0,3.85,1928000.0
6113,亞矽,2019-08-02,"30,001-40,000",37.0,2.57,1287005.0
6113,亞矽,2019-08-02,"40,001-50,000",26.0,2.39,1198800.0
6113,亞矽,2019-08-02,"400,001-600,000",1.0,1.06,535000.0
6113,亞矽,2019-08-02,"5,001-10,000",357.0,6.1,3055675.0
6113,亞矽,2019-08-02,"50,001-100,000",54.0,7.96,3984527.0
6113,亞矽,2019-08-02,"600,001-800,000",2.0,2.63,1317748.0
6113,亞矽,2019-08-02,"800,001-1,000,000",0.0,0.0,0.0
6113,亞矽,2019-08-02,"more than 1,000,001",5.0,49.35,24698741.0
6113,亞矽,2019-08-02,total,3576.0,100.0,50047100.0
6113,亞矽,2019-08-08,1-999,812.0,0.27,135648.0
6113,亞矽,2019-08-08,"1,000-5,000",1991.0,8.49,4253478.0
6113,亞矽,2019-08-08,"10,001-15,000",109.0,2.77,1390720.0
6113,亞矽,2019-08-08,"100,001-200,000",24.0,6.42,3214211.0
6113,亞矽,2019-08-08,"15,001-20,000",88.0,3.35,1679358.0
6113,亞矽,2019-08-08,"20,001-30,000",75.0,3.82,1913189.0
6113,亞矽,2019-08-08,"200,001-400,000",5.0,2.84,1425000.0
6113,亞矽,2019-08-08,"30,001-40,000",36.0,2.5,1256005.0
6113,亞矽,2019-08-08,"40,001-50,000",27.0,2.49,1246800.0
6113,亞矽,2019-08-08,"400,001-600,000",2.0,2.1,1052000.0
6113,亞矽,2019-08-08,"5,001-10,000",356.0,6.08,3044675.0
6113,亞矽,2019-08-08,"50,001-100,000",55.0,8.05,4030527.0
6113,亞矽,2019-08-08,"600,001-800,000",1.0,1.41,706748.0
6113,亞矽,2019-08-08,"800,001-1,000,000",0.0,0.0,0.0
6113,亞矽,2019-08-08,"more than 1,000,001",5.0,49.35,24698741.0
6113,亞矽,2019-08-08,total,3586.0,100.0,50047100.0
6113,亞矽,2019-08-16,1-999,811.0,0.27,135648.0
6113,亞矽,2019-08-16,"1,000-5,000",1984.0,8.47,4239478.0
6113,亞矽,2019-08-16,"10,001-15,000",107.0,2.72,1364720.0
6113,亞矽,2019-08-16,"100,001-200,000",23.0,5.97,2988211.0
6113,亞矽,2019-08-16,"15,001-20,000",86.0,3.28,1643358.0
6113,亞矽,2019-08-16,"20,001-30,000",76.0,3.87,1937189.0
6113,亞矽,2019-08-16,"200,001-400,000",5.0,2.55,1280000.0
6113,亞矽,2019-08-16,"30,001-40,000",37.0,2.58,1293005.0
6113,亞矽,2019-08-16,"40,001-50,000",28.0,2.56,1282800.0
6113,亞矽,2019-08-16,"400,001-600,000",2.0,1.7,853000.0
6113,亞矽,2019-08-16,"5,001-10,000",358.0,6.11,3060675.0
6113,亞矽,2019-08-16,"50,001-100,000",54.0,7.9,3955527.0
6113,亞矽,2019-08-16,"600,001-800,000",2.0,2.62,1314748.0
6113,亞矽,2019-08-16,"800,001-1,000,000",0.0,0.0,0.0
6113,亞矽,2019-08-16,"more than 1,000,001",5.0,49.35,24698741.0
6113,亞矽,2019-08-16,total,3578.0,100.0,50047100.0
6113,亞矽,2019-08-23,1-999,807.0,0.27,135414.0
6113,亞矽,2019-08-23,"1,000-5,000",1984.0,8.48,4245712.0
6113,亞矽,2019-08-23,"10,001-15,000",106.0,2.7,1353720.0
6113,亞矽,2019-08-23,"100,001-200,000",22.0,5.63,2820211.0
6113,亞矽,2019-08-23,"15,001-20,000",90.0,3.42,1714358.0
6113,亞矽,2019-08-23,"20,001-30,000",74.0,3.78,1895189.0
6113,亞矽,2019-08-23,"200,001-400,000",6.0,3.01,1510000.0
6113,亞矽,2019-08-23,"30,001-40,000",36.0,2.53,1271005.0
6113,亞矽,2019-08-23,"40,001-50,000",25.0,2.29,1147800.0
6113,亞矽,2019-08-23,"400,001-600,000",2.0,1.7,854000.0
6113,亞矽,2019-08-23,"5,001-10,000",357.0,6.08,3047675.0
6113,亞矽,2019-08-23,"50,001-100,000",55.0,8.06,4035527.0
6113,亞矽,2019-08-23,"600,001-800,000",2.0,2.63,1317748.0
6113,亞矽,2019-08-23,"800,001-1,000,000",0.0,0.0,0.0
6113,亞矽,2019-08-23,"more than 1,000,001",5.0,49.35,24698741.0
6113,亞矽,2019-08-23,total,3571.0,100.0,50047100.0
6113,亞矽,2019-08-30,1-999,804.0,0.26,135014.0
6113,亞矽,2019-08-30,"1,000-5,000",1988.0,8.48,4244112.0
6113,亞矽,2019-08-30,"10,001-15,000",105.0,2.67,1340720.0
6113,亞矽,2019-08-30,"100,001-200,000",21.0,5.39,2700211.0
6113,亞矽,2019-08-30,"15,001-20,000",89.0,3.39,1701358.0
6113,亞矽,2019-08-30,"20,001-30,000",75.0,3.81,1907189.0
6113,亞矽,2019-08-30,"200,001-400,000",7.0,3.79,1898000.0
6113,亞矽,2019-08-30,"30,001-40,000",38.0,2.67,1341005.0
6113,亞矽,2019-08-30,"40,001-50,000",25.0,2.28,1142800.0
6113,亞矽,2019-08-30,"400,001-600,000",1.0,0.9,451000.0
6113,亞矽,2019-08-30,"5,001-10,000",360.0,6.14,3075675.0
6113,亞矽,2019-08-30,"50,001-100,000",55.0,8.07,4041527.0
6113,亞矽,2019-08-30,"600,001-800,000",2.0,2.73,1369748.0
6113,亞矽,2019-08-30,"800,001-1,000,000",0.0,0.0,0.0
6113,亞矽,2019-08-30,"more than 1,000,001",5.0,49.35,24698741.0
6113,亞矽,2019-08-30,total,3575.0,100.0,50047100.0
6113,亞矽,2019-09-06,1-999,804.0,0.26,135014.0
6113,亞矽,2019-09-06,"1,000-5,000",1981.0,8.42,4215112.0
6113,亞矽,2019-09-06,"10,001-15,000",102.0,2.59,1300720.0
6113,亞矽,2019-09-06,"100,001-200,000",21.0,5.39,2700211.0
6113,亞矽,2019-09-06,"15,001-20,000",90.0,3.42,1716358.0
6113,亞矽,2019-09-06,"20,001-30,000",75.0,3.79,1900189.0
6113,亞矽,2019-09-06,"200,001-400,000",7.0,3.8,1905000.0
6113,亞矽,2019-09-06,"30,001-40,000",38.0,2.66,1334005.0
6113,亞矽,2019-09-06,"40,001-50,000",25.0,2.28,1142800.0
6113,亞矽,2019-09-06,"400,001-600,000",1.0,0.9,451000.0
6113,亞矽,2019-09-06,"5,001-10,000",366.0,6.23,3120675.0
6113,亞矽,2019-09-06,"50,001-100,000",55.0,8.09,4051527.0
6113,亞矽,2019-09-06,"600,001-800,000",2.0,2.74,1375748.0
6113,亞矽,2019-09-06,"800,001-1,000,000",0.0,0.0,0.0
6113,亞矽,2019-09-06,"more than 1,000,001",5.0,49.35,24698741.0
6113,亞矽,2019-09-06,total,3572.0,100.0,50047100.0
6113,亞矽,2019-09-12,1-999,802.0,0.26,134423.0
6113,亞矽,2019-09-12,"1,000-5,000",1984.0,8.45,4229702.0
6113,亞矽,2019-09-12,"10,001-15,000",104.0,2.65,1327721.0
6113,亞矽,2019-09-12,"100,001-200,000",21.0,5.39,2700211.0
6113,亞矽,2019-09-12,"15,001-20,000",87.0,3.31,1661358.0
6113,亞矽,2019-09-12,"20,001-30,000",78.0,3.94,1972189.0
6113,亞矽,2019-09-12,"200,001-400,000",7.0,3.79,1898000.0
6113,亞矽,2019-09-12,"30,001-40,000",37.0,2.59,1297005.0
6113,亞矽,2019-09-12,"40,001-50,000",25.0,2.28,1143800.0
6113,亞矽,2019-09-12,"400,001-600,000",1.0,0.9,451000.0
6113,亞矽,2019-09-12,"5,001-10,000",364.0,6.2,3107675.0
6113,亞矽,2019-09-12,"50,001-100,000",55.0,8.08,4044527.0
6113,亞矽,2019-09-12,"600,001-800,000",2.0,2.75,1380748.0
6113,亞矽,2019-09-12,"800,001-1,000,000",0.0,0.0,0.0
6113,亞矽,2019-09-12,"more than 1,000,001",5.0,49.35,24698741.0
6113,亞矽,2019-09-12,total,3572.0,100.0,50047100.0
6113,亞矽,2019-09-20,1-999,801.0,0.27,135404.0
6113,亞矽,2019-09-20,"1,000-5,000",1979.0,8.39,4202721.0
6113,亞矽,2019-09-20,"10,001-15,000",107.0,2.74,1373721.0
6113,亞矽,2019-09-20,"100,001-200,000",22.0,5.78,2893211.0
6113,亞矽,2019-09-20,"15,001-20,000",90.0,3.43,1721358.0
6113,亞矽,2019-09-20,"20,001-30,000",79.0,3.98,1993189.0
6113,亞矽,2019-09-20,"200,001-400,000",6.0,3.37,1691000.0
6113,亞矽,2019-09-20,"30,001-40,000",35.0,2.47,1237005.0
6113,亞矽,2019-09-20,"40,001-50,000",25.0,2.28,1141800.0
6113,亞矽,2019-09-20,"400,001-600,000",1.0,0.92,463000.0
6113,亞矽,2019-09-20,"5,001-10,000",367.0,6.25,3129675.0
6113,亞矽,2019-09-20,"50,001-100,000",55.0,7.97,3989527.0
6113,亞矽,2019-09-20,"600,001-800,000",2.0,2.75,1376748.0
6113,亞矽,2019-09-20,"800,001-1,000,000",0.0,0.0,0.0
6113,亞矽,2019-09-20,"more than 1,000,001",5.0,49.35,24698741.0
6113,亞矽,2019-09-20,total,3574.0,100.0,50047100.0
6113,亞矽,2019-09-27,1-999,802.0,0.26,134720.0
6113,亞矽,2019-09-27,"1,000-5,000",1987.0,8.39,4201405.0
6113,亞矽,2019-09-27,"10,001-15,000",106.0,2.71,1358721.0
6113,亞矽,2019-09-27,"100,001-200,000",23.0,5.78,2895211.0
6113,亞矽,2019-09-27,"15,001-20,000",91.0,3.47,1738358.0
6113,亞矽,2019-09-27,"20,001-30,000",79.0,3.96,1982189.0
6113,亞矽,2019-09-27,"200,001-400,000",5.0,2.59,1297000.0
6113,亞矽,2019-09-27,"30,001-40,000",35.0,2.47,1238005.0
6113,亞矽,2019-09-27,"40,001-50,000",25.0,2.28,1143800.0
6113,亞矽,2019-09-27,"400,001-600,000",2.0,1.72,865000.0
6113,亞矽,2019-09-27,"5,001-10,000",367.0,6.25,3129675.0
6113,亞矽,2019-09-27,"50,001-100,000",55.0,7.96,3984527.0
6113,亞矽,2019-09-27,"600,001-800,000",2.0,2.75,1379748.0
6113,亞矽,2019-09-27,"800,001-1,000,000",0.0,0.0,0.0
6113,亞矽,2019-09-27,"more than 1,000,001",5.0,49.35,24698741.0
6113,亞矽,2019-09-27,total,3584.0,100.0,50047100.0
6113,亞矽,2019-10-05,1-999,803.0,0.27,135911.0
6113,亞矽,2019-10-05,"1,000-5,000",1988.0,8.41,4213214.0
6113,亞矽,2019-10-05,"10,001-15,000",103.0,2.62,1314721.0
6113,亞矽,2019-10-05,"100,001-200,000",23.0,5.74,2877211.0
6113,亞矽,2019-10-05,"15,001-20,000",92.0,3.5,1756358.0
6113,亞矽,2019-10-05,"20,001-30,000",76.0,3.8,1905189.0
6113,亞矽,2019-10-05,"200,001-400,000",5.0,2.59,1298000.0
6113,亞矽,2019-10-05,"30,001-40,000",37.0,2.59,1301005.0
6113,亞矽,2019-10-05,"40,001-50,000",25.0,2.26,1133800.0
6113,亞矽,2019-10-05,"400,001-600,000",2.0,1.72,865000.0
6113,亞矽,2019-10-05,"5,001-10,000",366.0,6.23,3122675.0
6113,亞矽,2019-10-05,"50,001-100,000",56.0,8.07,4040527.0
6113,亞矽,2019-10-05,"600,001-800,000",2.0,2.76,1384748.0
6113,亞矽,2019-10-05,"800,001-1,000,000",0.0,0.0,0.0
6113,亞矽,2019-10-05,"more than 1,000,001",5.0,49.35,24698741.0
6113,亞矽,2019-10-05,total,3583.0,100.0,50047100.0
6113,亞矽,2019-10-09,1-999,804.0,0.27,136012.0
6113,亞矽,2019-10-09,"1,000-5,000",1990.0,8.44,4225113.0
6113,亞矽,2019-10-09,"10,001-15,000",107.0,2.73,1370721.0
6113,亞矽,2019-10-09,"100,001-200,000",22.0,5.52,2766211.0
6113,亞矽,2019-10-09,"15,001-20,000",88.0,3.35,1678358.0
6113,亞矽,2019-10-09,"20,001-30,000",80.0,4.02,2015189.0
6113,亞矽,2019-10-09,"200,001-400,000",5.0,2.6,1305000.0
6113,亞矽,2019-10-09,"30,001-40,000",38.0,2.67,1339005.0
6113,亞矽,2019-10-09,"40,001-50,000",24.0,2.17,1089800.0
6113,亞矽,2019-10-09,"400,001-600,000",2.0,1.7,855000.0
6113,亞矽,2019-10-09,"5,001-10,000",366.0,6.24,3127675.0
6113,亞矽,2019-10-09,"50,001-100,000",56.0,8.11,4062527.0
6113,亞矽,2019-10-09,"600,001-800,000",2.0,2.75,1377748.0
6113,亞矽,2019-10-09,"800,001-1,000,000",0.0,0.0,0.0
6113,亞矽,2019-10-09,"more than 1,000,001",5.0,49.35,24698741.0
6113,亞矽,2019-10-09,total,3589.0,100.0,50047100.0
6113,亞矽,2019-10-18,1-999,804.0,0.27,135831.0
6113,亞矽,2019-10-18,"1,000-5,000",1985.0,8.39,4200016.0
6113,亞矽,2019-10-18,"10,001-15,000",110.0,2.8,1403721.0
6113,亞矽,2019-10-18,"100,001-200,000",23.0,5.85,2931211.0
6113,亞矽,2019-10-18,"15,001-20,000",92.0,3.5,1756358.0
6113,亞矽,2019-10-18,"20,001-30,000",77.0,3.88,1942189.0
6113,亞矽,2019-10-18,"200,001-400,000",6.0,3.24,1625000.0
6113,亞矽,2019-10-18,"30,001-40,000",37.0,2.6,1306005.0
6113,亞矽,2019-10-18,"40,001-50,000",25.0,2.26,1131800.0
6113,亞矽,2019-10-18,"400,001-600,000",1.0,0.84,422000.0
6113,亞矽,2019-10-18,"5,001-10,000",364.0,6.21,3109953.0
6113,亞矽,2019-10-18,"50,001-100,000",55.0,7.88,3944527.0
6113,亞矽,2019-10-18,"600,001-800,000",2.0,2.87,1439748.0
6113,亞矽,2019-10-18,"800,001-1,000,000",0.0,0.0,0.0
6113,亞矽,2019-10-18,"more than 1,000,001",5.0,49.35,24698741.0
6113,亞矽,2019-10-18,total,3586.0,100.0,50047100.0
6113,亞矽,2019-10-25,1-999,804.0,0.27,135999.0
6113,亞矽,2019-10-25,"1,000-5,000",1987.0,8.38,4197618.0
6113,亞矽,2019-10-25,"10,001-15,000",110.0,2.82,1411721.0
6113,亞矽,2019-10-25,"100,001-200,000",23.0,5.86,2933211.0
6113,亞矽,2019-10-25,"15,001-20,000",93.0,3.54,1772358.0
6113,亞矽,2019-10-25,"20,001-30,000",75.0,3.75,1881189.0
6113,亞矽,2019-10-25,"200,001-400,000",6.0,3.25,1629000.0
6113,亞矽,2019-10-25,"30,001-40,000",38.0,2.67,1340005.0
6113,亞矽,2019-10-25,"40,001-50,000",25.0,2.27,1138800.0
6113,亞矽,2019-10-25,"400,001-600,000",1.0,0.84,424000.0
6113,亞矽,2019-10-25,"5,001-10,000",365.0,6.22,3113183.0
6113,亞矽,2019-10-25,"50,001-100,000",55.0,7.84,3928527.0
6113,亞矽,2019-10-25,"600,001-800,000",2.0,2.88,1442748.0
6113,亞矽,2019-10-25,"800,001-1,000,000",0.0,0.0,0.0
6113,亞矽,2019-10-25,"more than 1,000,001",5.0,49.35,24698741.0
6113,亞矽,2019-10-25,total,3589.0,100.0,50047100.0
6113,亞矽,2019-11-01,1-999,807.0,0.27,136977.0
6113,亞矽,2019-11-01,"1,000-5,000",1989.0,8.38,4198640.0
6113,亞矽,2019-11-01,"10,001-15,000",112.0,2.87,1436721.0
6113,亞矽,2019-11-01,"100,001-200,000",25.0,6.4,3203211.0
6113,亞矽,2019-11-01,"15,001-20,000",93.0,3.54,1776358.0
6113,亞矽,2019-11-01,"20,001-30,000",73.0,3.66,1834189.0
6113,亞矽,2019-11-01,"200,001-400,000",5.0,2.81,1410000.0
6113,亞矽,2019-11-01,"30,001-40,000",38.0,2.67,1340005.0
6113,亞矽,2019-11-01,"40,001-50,000",25.0,2.28,1145800.0
6113,亞矽,2019-11-01,"400,001-600,000",1.0,0.84,424000.0
6113,亞矽,2019-11-01,"5,001-10,000",362.0,6.16,3083183.0
6113,亞矽,2019-11-01,"50,001-100,000",55.0,7.78,3896527.0
6113,亞矽,2019-11-01,"600,001-800,000",2.0,2.92,1462748.0
6113,亞矽,2019-11-01,"800,001-1,000,000",0.0,0.0,0.0
6113,亞矽,2019-11-01,"more than 1,000,001",5.0,49.35,24698741.0
6113,亞矽,2019-11-01,total,3592.0,100.0,50047100.0
6113,亞矽,2019-11-08,1-999,814.0,0.27,137272.0
6113,亞矽,2019-11-08,"1,000-5,000",1990.0,8.38,4198343.0
6113,亞矽,2019-11-08,"10,001-15,000",115.0,2.94,1475723.0
6113,亞矽,2019-11-08,"100,001-200,000",24.0,6.12,3067211.0
6113,亞矽,2019-11-08,"15,001-20,000",93.0,3.55,1779358.0
6113,亞矽,2019-11-08,"20,001-30,000",72.0,3.6,1804189.0
6113,亞矽,2019-11-08,"200,001-400,000",5.0,2.84,1425000.0
6113,亞矽,2019-11-08,"30,001-40,000",38.0,2.66,1336005.0
6113,亞矽,2019-11-08,"40,001-50,000",27.0,2.49,1247800.0
6113,亞矽,2019-11-08,"400,001-600,000",1.0,0.82,414000.0
6113,亞矽,2019-11-08,"5,001-10,000",359.0,6.08,3043183.0
6113,亞矽,2019-11-08,"50,001-100,000",55.0,7.86,3937527.0
6113,亞矽,2019-11-08,"600,001-800,000",2.0,2.96,1482748.0
6113,亞矽,2019-11-08,"800,001-1,000,000",0.0,0.0,0.0
6113,亞矽,2019-11-08,"more than 1,000,001",5.0,49.35,24698741.0
6113,亞矽,2019-11-08,total,3600.0,100.0,50047100.0
6113,亞矽,2019-11-15,1-999,818.0,0.27,137404.0
6113,亞矽,2019-11-15,"1,000-5,000",1990.0,8.36,4187210.0
6113,亞矽,2019-11-15,"10,001-15,000",113.0,2.9,1452720.0
6113,亞矽,2019-11-15,"100,001-200,000",24.0,6.12,3065211.0
6113,亞矽,2019-11-15,"15,001-20,000",93.0,3.55,1779358.0
6113,亞矽,2019-11-15,"20,001-30,000",72.0,3.62,1814189.0
6113,亞矽,2019-11-15,"200,001-400,000",5.0,2.86,1434000.0
6113,亞矽,2019-11-15,"30,001-40,000",38.0,2.65,1330005.0
6113,亞矽,2019-11-15,"40,001-50,000",27.0,2.49,1247800.0
6113,亞矽,2019-11-15,"400,001-600,000",1.0,0.87,437000.0
6113,亞矽,2019-11-15,"5,001-10,000",358.0,6.07,3038187.0
6113,亞矽,2019-11-15,"50,001-100,000",55.0,7.87,3942527.0
6113,亞矽,2019-11-15,"600,001-800,000",2.0,2.96,1482748.0
6113,亞矽,2019-11-15,"800,001-1,000,000",0.0,0.0,0.0
6113,亞矽,2019-11-15,"more than 1,000,001",5.0,49.35,24698741.0
6113,亞矽,2019-11-15,total,3601.0,100.0,50047100.0
6113,亞矽,2019-11-22,1-999,821.0,0.27,136698.0
6113,亞矽,2019-11-22,"1,000-5,000",1983.0,8.33,4169916.0
6113,亞矽,2019-11-22,"10,001-15,000",110.0,2.82,1412720.0
6113,亞矽,2019-11-22,"100,001-200,000",23.0,5.7,2854211.0
6113,亞矽,2019-11-22,"15,001-20,000",93.0,3.54,1775358.0
6113,亞矽,2019-11-22,"20,001-30,000",73.0,3.68,1843189.0
6113,亞矽,2019-11-22,"200,001-400,000",6.0,3.24,1622000.0
6113,亞矽,2019-11-22,"30,001-40,000",39.0,2.73,1370005.0
6113,亞矽,2019-11-22,"40,001-50,000",27.0,2.49,1249800.0
6113,亞矽,2019-11-22,"400,001-600,000",1.0,0.89,446000.0
6113,亞矽,2019-11-22,"5,001-10,000",357.0,6.05,3030187.0
6113,亞矽,2019-11-22,"50,001-100,000",55.0,7.9,3955527.0
6113,亞矽,2019-11-22,"600,001-800,000",2.0,2.96,1482748.0
6113,亞矽,2019-11-22,"800,001-1,000,000",0.0,0.0,0.0
6113,亞矽,2019-11-22,"more than 1,000,001",5.0,49.35,24698741.0
6113,亞矽,2019-11-22,total,3595.0,100.0,50047100.0
6113,亞矽,2019-11-29,1-999,825.0,0.27,137701.0
6113,亞矽,2019-11-29,"1,000-5,000",1984.0,8.28,4146913.0
6113,亞矽,2019-11-29,"10,001-15,000",110.0,2.83,1416720.0
6113,亞矽,2019-11-29,"100,001-200,000",22.0,5.55,2782211.0
6113,亞矽,2019-11-29,"15,001-20,000",93.0,3.55,1778358.0
6113,亞矽,2019-11-29,"20,001-30,000",71.0,3.57,1788189.0
6113,亞矽,2019-11-29,"200,001-400,000",6.0,3.41,1709000.0
6113,亞矽,2019-11-29,"30,001-40,000",40.0,2.8,1406005.0
6113,亞矽,2019-11-29,"40,001-50,000",26.0,2.39,1199800.0
6113,亞矽,2019-11-29,"400,001-600,000",1.0,0.84,421000.0
6113,亞矽,2019-11-29,"5,001-10,000",359.0,6.07,3039187.0
6113,亞矽,2019-11-29,"50,001-100,000",56.0,8.07,4040527.0
6113,亞矽,2019-11-29,"600,001-800,000",2.0,2.96,1482748.0
6113,亞矽,2019-11-29,"800,001-1,000,000",0.0,0.0,0.0
6113,亞矽,2019-11-29,"more than 1,000,001",5.0,49.35,24698741.0
6113,亞矽,2019-11-29,total,3600.0,100.0,50047100.0
6113,亞矽,2019-12-06,1-999,829.0,0.27,138701.0
6113,亞矽,2019-12-06,"1,000-5,000",1980.0,8.28,4147913.0
6113,亞矽,2019-12-06,"10,001-15,000",111.0,2.86,1431720.0
6113,亞矽,2019-12-06,"100,001-200,000",22.0,5.63,2822211.0
6113,亞矽,2019-12-06,"15,001-20,000",94.0,3.58,1794358.0
6113,亞矽,2019-12-06,"20,001-30,000",72.0,3.64,1824189.0
6113,亞矽,2019-12-06,"200,001-400,000",7.0,4.16,2084000.0
6113,亞矽,2019-12-06,"30,001-40,000",39.0,2.75,1381005.0
6113,亞矽,2019-12-06,"40,001-50,000",25.0,2.29,1147800.0
6113,亞矽,2019-12-06,"400,001-600,000",0.0,0.0,0.0
6113,亞矽,2019-12-06,"5,001-10,000",354.0,5.99,3000187.0
6113,亞矽,2019-12-06,"50,001-100,000",57.0,8.17,4093527.0
6113,亞矽,2019-12-06,"600,001-800,000",2.0,2.96,1482748.0
6113,亞矽,2019-12-06,"800,001-1,000,000",0.0,0.0,0.0
6113,亞矽,2019-12-06,"more than 1,000,001",5.0,49.35,24698741.0
6113,亞矽,2019-12-06,total,3597.0,100.0,50047100.0
6113,亞矽,2019-12-13,1-999,833.0,0.27,138701.0
6113,亞矽,2019-12-13,"1,000-5,000",1980.0,8.31,4162913.0
6113,亞矽,2019-12-13,"10,001-15,000",110.0,2.83,1420720.0
6113,亞矽,2019-12-13,"100,001-200,000",21.0,5.27,2638211.0
6113,亞矽,2019-12-13,"15,001-20,000",93.0,3.54,1775358.0
6113,亞矽,2019-12-13,"20,001-30,000",73.0,3.7,1853189.0
6113,亞矽,2019-12-13,"200,001-400,000",8.0,4.48,2247000.0
6113,亞矽,2019-12-13,"30,001-40,000",40.0,2.85,1431005.0
6113,亞矽,2019-12-13,"40,001-50,000",26.0,2.39,1198800.0
6113,亞矽,2019-12-13,"400,001-600,000",0.0,0.0,0.0
6113,亞矽,2019-12-13,"5,001-10,000",351.0,5.94,2976187.0
6113,亞矽,2019-12-13,"50,001-100,000",56.0,8.07,4043527.0
6113,亞矽,2019-12-13,"600,001-800,000",2.0,2.92,1462748.0
6113,亞矽,2019-12-13,"800,001-1,000,000",0.0,0.0,0.0
6113,亞矽,2019-12-13,"more than 1,000,001",5.0,49.35,24698741.0
6113,亞矽,2019-12-13,total,3598.0,100.0,50047100.0
6113,亞矽,2019-12-20,1-999,838.0,0.27,139359.0
6113,亞矽,2019-12-20,"1,000-5,000",1972.0,8.28,4147255.0
6113,亞矽,2019-12-20,"10,001-15,000",114.0,2.94,1471720.0
6113,亞矽,2019-12-20,"100,001-200,000",21.0,5.28,2644211.0
6113,亞矽,2019-12-20,"15,001-20,000",92.0,3.51,1758358.0
6113,亞矽,2019-12-20,"20,001-30,000",69.0,3.47,1741189.0
6113,亞矽,2019-12-20,"200,001-400,000",8.0,4.38,2196000.0
6113,亞矽,2019-12-20,"30,001-40,000",41.0,2.91,1459005.0
6113,亞矽,2019-12-20,"40,001-50,000",28.0,2.57,1290800.0
6113,亞矽,2019-12-20,"400,001-600,000",0.0,0.0,0.0
6113,亞矽,2019-12-20,"5,001-10,000",346.0,5.86,2935187.0
6113,亞矽,2019-12-20,"50,001-100,000",57.0,8.2,4106527.0
6113,亞矽,2019-12-20,"600,001-800,000",2.0,2.91,1458748.0
6113,亞矽,2019-12-20,"800,001-1,000,000",0.0,0.0,0.0
6113,亞矽,2019-12-20,"more than 1,000,001",5.0,49.35,24698741.0
6113,亞矽,2019-12-20,total,3593.0,100.0,50047100.0
6113,亞矽,2019-12-27,1-999,839.0,0.28,140379.0
6113,亞矽,2019-12-27,"1,000-5,000",1973.0,8.28,4145186.0
6113,亞矽,2019-12-27,"10,001-15,000",112.0,2.9,1451720.0
6113,亞矽,2019-12-27,"100,001-200,000",21.0,5.26,2637211.0
6113,亞矽,2019-12-27,"15,001-20,000",91.0,3.47,1738358.0
6113,亞矽,2019-12-27,"20,001-30,000",72.0,3.61,1808189.0
6113,亞矽,2019-12-27,"200,001-400,000",8.0,4.22,2116000.0
6113,亞矽,2019-12-27,"30,001-40,000",41.0,2.91,1459005.0
6113,亞矽,2019-12-27,"40,001-50,000",24.0,2.21,1107800.0
6113,亞矽,2019-12-27,"400,001-600,000",0.0,0.0,0.0
6113,亞矽,2019-12-27,"5,001-10,000",351.0,5.94,2973236.0
6113,亞矽,2019-12-27,"50,001-100,000",60.0,8.65,4333527.0
6113,亞矽,2019-12-27,"600,001-800,000",2.0,2.87,1437748.0
6113,亞矽,2019-12-27,"800,001-1,000,000",0.0,0.0,0.0
6113,亞矽,2019-12-27,"more than 1,000,001",5.0,49.35,24698741.0
6113,亞矽,2019-12-27,total,3599.0,100.0,50047100.0
6113,亞矽,2020-01-03,1-999,845.0,0.28,142228.0
6113,亞矽,2020-01-03,"1,000-5,000",1967.0,8.23,4123800.0
6113,亞矽,2020-01-03,"10,001-15,000",112.0,2.88,1445720.0
6113,亞矽,2020-01-03,"100,001-200,000",22.0,5.57,2790211.0
6113,亞矽,2020-01-03,"15,001-20,000",90.0,3.43,1719358.0
6113,亞矽,2020-01-03,"20,001-30,000",71.0,3.56,1786187.0
6113,亞矽,2020-01-03,"200,001-400,000",7.0,3.99,1999000.0
6113,亞矽,2020-01-03,"30,001-40,000",40.0,2.83,1420005.0
6113,亞矽,2020-01-03,"40,001-50,000",24.0,2.21,1107800.0
6113,亞矽,2020-01-03,"400,001-600,000",0.0,0.0,0.0
6113,亞矽,2020-01-03,"5,001-10,000",354.0,5.97,2992775.0
6113,亞矽,2020-01-03,"50,001-100,000",62.0,8.88,4447527.0
6113,亞矽,2020-01-03,"600,001-800,000",2.0,2.74,1373748.0
6113,亞矽,2020-01-03,"800,001-1,000,000",0.0,0.0,0.0
6113,亞矽,2020-01-03,"more than 1,000,001",5.0,49.35,24698741.0
6113,亞矽,2020-01-03,total,3601.0,100.0,50047100.0
6113,亞矽,2020-01-10,1-999,853.0,0.28,143709.0
6113,亞矽,2020-01-10,"1,000-5,000",1971.0,8.25,4130645.0
6113,亞矽,2020-01-10,"10,001-15,000",112.0,2.87,1437420.0
6113,亞矽,2020-01-10,"100,001-200,000",23.0,5.76,2885211.0
6113,亞矽,2020-01-10,"15,001-20,000",90.0,3.43,1719358.0
6113,亞矽,2020-01-10,"20,001-30,000",71.0,3.56,1784187.0
6113,亞矽,2020-01-10,"200,001-400,000",7.0,4.07,2039000.0
6113,亞矽,2020-01-10,"30,001-40,000",40.0,2.85,1429005.0
6113,亞矽,2020-01-10,"40,001-50,000",24.0,2.21,1107800.0
6113,亞矽,2020-01-10,"400,001-600,000",0.0,0.0,0.0
6113,亞矽,2020-01-10,"5,001-10,000",353.0,5.94,2976749.0
6113,亞矽,2020-01-10,"50,001-100,000",61.0,8.71,4362527.0
6113,亞矽,2020-01-10,"600,001-800,000",2.0,2.66,1332748.0
6113,亞矽,2020-01-10,"800,001-1,000,000",0.0,0.0,0.0
6113,亞矽,2020-01-10,"more than 1,000,001",5.0,49.35,24698741.0
6113,亞矽,2020-01-10,total,3612.0,100.0,50047100.0
6113,亞矽,2020-01-17,1-999,855.0,0.28,144514.0
6113,亞矽,2020-01-17,"1,000-5,000",1978.0,8.29,4152835.0
6113,亞矽,2020-01-17,"10,001-15,000",112.0,2.87,1436420.0
6113,亞矽,2020-01-17,"100,001-200,000",24.0,5.99,3001211.0
6113,亞矽,2020-01-17,"15,001-20,000",91.0,3.47,1737358.0
6113,亞矽,2020-01-17,"20,001-30,000",69.0,3.46,1733187.0
6113,亞矽,2020-01-17,"200,001-400,000",7.0,4.1,2055000.0
6113,亞矽,2020-01-17,"30,001-40,000",40.0,2.84,1422005.0
6113,亞矽,2020-01-17,"40,001-50,000",26.0,2.39,1196800.0
6113,亞矽,2020-01-17,"400,001-600,000",1.0,1.15,578000.0
6113,亞矽,2020-01-17,"5,001-10,000",351.0,5.92,2964754.0
6113,亞矽,2020-01-17,"50,001-100,000",59.0,8.43,4219527.0
6113,亞矽,2020-01-17,"600,001-800,000",1.0,1.41,706748.0
6113,亞矽,2020-01-17,"800,001-1,000,000",0.0,0.0,0.0
6113,亞矽,2020-01-17,"more than 1,000,001",5.0,49.35,24698741.0
6113,亞矽,2020-01-17,total,3619.0,100.0,50047100.0
6113,亞矽,2020-01-22,1-999,859.0,0.29,145312.0
6113,亞矽,2020-01-22,"1,000-5,000",1985.0,8.29,4149557.0
6113,亞矽,2020-01-22,"10,001-15,000",111.0,2.84,1424420.0
6113,亞矽,2020-01-22,"100,001-200,000",24.0,6.03,3019211.0
6113,亞矽,2020-01-22,"15,001-20,000",91.0,3.45,1731358.0
6113,亞矽,2020-01-22,"20,001-30,000",70.0,3.51,1757187.0
6113,亞矽,2020-01-22,"200,001-400,000",7.0,4.11,2059000.0
6113,亞矽,2020-01-22,"30,001-40,000",40.0,2.84,1423005.0
6113,亞矽,2020-01-22,"40,001-50,000",27.0,2.47,1240800.0
6113,亞矽,2020-01-22,"400,001-600,000",1.0,1.14,573000.0
6113,亞矽,2020-01-22,"5,001-10,000",352.0,5.91,2961234.0
6113,亞矽,2020-01-22,"50,001-100,000",58.0,8.3,4157527.0
6113,亞矽,2020-01-22,"600,001-800,000",1.0,1.41,706748.0
6113,亞矽,2020-01-22,"800,001-1,000,000",0.0,0.0,0.0
6113,亞矽,2020-01-22,"more than 1,000,001",5.0,49.35,24698741.0
6113,亞矽,2020-01-22,total,3631.0,100.0,50047100.0
6113,亞矽,2020-01-31,1-999,860.0,0.29,145619.0
6113,亞矽,2020-01-31,"1,000-5,000",1984.0,8.27,4141650.0
6113,亞矽,2020-01-31,"10,001-15,000",113.0,2.9,1452420.0
6113,亞矽,2020-01-31,"100,001-200,000",24.0,6.07,3039211.0
6113,亞矽,2020-01-31,"15,001-20,000",89.0,3.39,1701358.0
6113,亞矽,2020-01-31,"20,001-30,000",73.0,3.68,1846187.0
6113,亞矽,2020-01-31,"200,001-400,000",7.0,4.1,2055000.0
6113,亞矽,2020-01-31,"30,001-40,000",40.0,2.84,1423005.0
6113,亞矽,2020-01-31,"40,001-50,000",27.0,2.48,1243800.0
6113,亞矽,2020-01-31,"400,001-600,000",1.0,1.14,573000.0
6113,亞矽,2020-01-31,"5,001-10,000",349.0,5.87,2937834.0
6113,亞矽,2020-01-31,"50,001-100,000",57.0,8.15,4082527.0
6113,亞矽,2020-01-31,"600,001-800,000",1.0,1.41,706748.0
6113,亞矽,2020-01-31,"800,001-1,000,000",0.0,0.0,0.0
6113,亞矽,2020-01-31,"more than 1,000,001",5.0,49.35,24698741.0
6113,亞矽,2020-01-31,total,3630.0,100.0,50047100.0
6113,亞矽,2020-02-07,1-999,864.0,0.29,147125.0
6113,亞矽,2020-02-07,"1,000-5,000",1983.0,8.29,4152144.0
6113,亞矽,2020-02-07,"10,001-15,000",107.0,2.74,1372420.0
6113,亞矽,2020-02-07,"100,001-200,000",24.0,6.15,3079211.0
6113,亞矽,2020-02-07,"15,001-20,000",89.0,3.38,1695358.0
6113,亞矽,2020-02-07,"20,001-30,000",73.0,3.68,1843187.0
6113,亞矽,2020-02-07,"200,001-400,000",7.0,4.09,2048000.0
6113,亞矽,2020-02-07,"30,001-40,000",39.0,2.74,1375005.0
6113,亞矽,2020-02-07,"40,001-50,000",29.0,2.66,1331800.0
6113,亞矽,2020-02-07,"400,001-600,000",1.0,1.14,573000.0
6113,亞矽,2020-02-07,"5,001-10,000",354.0,5.96,2982834.0
6113,亞矽,2020-02-07,"50,001-100,000",57.0,8.07,4041527.0
6113,亞矽,2020-02-07,"600,001-800,000",1.0,1.41,706748.0
6113,亞矽,2020-02-07,"800,001-1,000,000",0.0,0.0,0.0
6113,亞矽,2020-02-07,"more than 1,000,001",5.0,49.35,24698741.0
6113,亞矽,2020-02-07,total,3633.0,100.0,50047100.0
6113,亞矽,2020-02-15,1-999,884.0,0.29,150006.0
6113,亞矽,2020-02-15,"1,000-5,000",1982.0,8.27,4140263.0
6113,亞矽,2020-02-15,"10,001-15,000",111.0,2.83,1420420.0
6113,亞矽,2020-02-15,"100,001-200,000",24.0,6.16,3084211.0
6113,亞矽,2020-02-15,"15,001-20,000",88.0,3.35,1679358.0
6113,亞矽,2020-02-15,"20,001-30,000",73.0,3.69,1848187.0
6113,亞矽,2020-02-15,"200,001-400,000",7.0,4.09,2047000.0
6113,亞矽,2020-02-15,"30,001-40,000",42.0,2.97,1488005.0
6113,亞矽,2020-02-15,"40,001-50,000",26.0,2.38,1195800.0
6113,亞矽,2020-02-15,"400,001-600,000",1.0,1.14,573000.0
6113,亞矽,2020-02-15,"5,001-10,000",353.0,5.94,2973834.0
6113,亞矽,2020-02-15,"50,001-100,000",57.0,8.07,4041527.0
6113,亞矽,2020-02-15,"600,001-800,000",1.0,1.41,706748.0
6113,亞矽,2020-02-15,"800,001-1,000,000",0.0,0.0,0.0
6113,亞矽,2020-02-15,"more than 1,000,001",5.0,49.35,24698741.0
6113,亞矽,2020-02-15,total,3654.0,100.0,50047100.0
6113,亞矽,2020-02-21,1-999,887.0,0.3,150950.0
6113,亞矽,2020-02-21,"1,000-5,000",1984.0,8.28,4147318.0
6113,亞矽,2020-02-21,"10,001-15,000",114.0,2.92,1464420.0
6113,亞矽,2020-02-21,"100,001-200,000",24.0,6.19,3102211.0
6113,亞矽,2020-02-21,"15,001-20,000",87.0,3.33,1667358.0
6113,亞矽,2020-02-21,"20,001-30,000",72.0,3.62,1816187.0
6113,亞矽,2020-02-21,"200,001-400,000",7.0,4.05,2030000.0
6113,亞矽,2020-02-21,"30,001-40,000",42.0,2.96,1486005.0
6113,亞矽,2020-02-21,"40,001-50,000",27.0,2.47,1237800.0
6113,亞矽,2020-02-21,"400,001-600,000",1.0,1.14,573000.0
6113,亞矽,2020-02-21,"5,001-10,000",354.0,5.96,2985835.0
6113,亞矽,2020-02-21,"50,001-100,000",56.0,7.95,3980527.0
6113,亞矽,2020-02-21,"600,001-800,000",1.0,1.41,706748.0
6113,亞矽,2020-02-21,"800,001-1,000,000",0.0,0.0,0.0
6113,亞矽,2020-02-21,"more than 1,000,001",5.0,49.35,24698741.0
6113,亞矽,2020-02-21,total,3661.0,100.0,50047100.0
6113,亞矽,2020-02-27,1-999,896.0,0.3,151655.0
6113,亞矽,2020-02-27,"1,000-5,000",1989.0,8.3,4157613.0
6113,亞矽,2020-02-27,"10,001-15,000",112.0,2.86,1435420.0
6113,亞矽,2020-02-27,"100,001-200,000",24.0,6.2,3104211.0
6113,亞矽,2020-02-27,"15,001-20,000",88.0,3.36,1685358.0
6113,亞矽,2020-02-27,"20,001-30,000",72.0,3.63,1817187.0
6113,亞矽,2020-02-27,"200,001-400,000",7.0,4.01,2009000.0
6113,亞矽,2020-02-27,"30,001-40,000",41.0,2.9,1452005.0
6113,亞矽,2020-02-27,"40,001-50,000",27.0,2.49,1246800.0
6113,亞矽,2020-02-27,"400,001-600,000",1.0,1.14,573000.0
6113,亞矽,2020-02-27,"5,001-10,000",352.0,5.92,2965835.0
6113,亞矽,2020-02-27,"50,001-100,000",57.0,8.07,4043527.0
6113,亞矽,2020-02-27,"600,001-800,000",1.0,1.41,706748.0
6113,亞矽,2020-02-27,"800,001-1,000,000",0.0,0.0,0.0
6113,亞矽,2020-02-27,"more than 1,000,001",5.0,49.35,24698741.0
6113,亞矽,2020-02-27,total,3672.0,100.0,50047100.0
6113,亞矽,2020-03-06,1-999,901.0,0.3,152963.0
6113,亞矽,2020-03-06,"1,000-5,000",1994.0,8.35,4182255.0
6113,亞矽,2020-03-06,"10,001-15,000",109.0,2.79,1398420.0
6113,亞矽,2020-03-06,"100,001-200,000",24.0,6.24,3127211.0
6113,亞矽,2020-03-06,"15,001-20,000",88.0,3.34,1675358.0
6113,亞矽,2020-03-06,"20,001-30,000",72.0,3.62,1815187.0
6113,亞矽,2020-03-06,"200,001-400,000",7.0,3.98,1995000.0
6113,亞矽,2020-03-06,"30,001-40,000",39.0,2.75,1379005.0
6113,亞矽,2020-03-06,"40,001-50,000",26.0,2.39,1198800.0
6113,亞矽,2020-03-06,"400,001-600,000",1.0,0.97,486000.0
6113,亞矽,2020-03-06,"5,001-10,000",355.0,5.97,2988885.0
6113,亞矽,2020-03-06,"50,001-100,000",59.0,8.47,4242527.0
6113,亞矽,2020-03-06,"600,001-800,000",1.0,1.41,706748.0
6113,亞矽,2020-03-06,"800,001-1,000,000",0.0,0.0,0.0
6113,亞矽,2020-03-06,"more than 1,000,001",5.0,49.35,24698741.0
6113,亞矽,2020-03-06,total,3681.0,100.0,50047100.0
6113,亞矽,2020-03-13,1-999,901.0,0.3,152382.0
6113,亞矽,2020-03-13,"1,000-5,000",1998.0,8.36,4184721.0
6113,亞矽,2020-03-13,"10,001-15,000",108.0,2.77,1386427.0
6113,亞矽,2020-03-13,"100,001-200,000",25.0,6.31,3159211.0
6113,亞矽,2020-03-13,"15,001-20,000",85.0,3.23,1619358.0
6113,亞矽,2020-03-13,"20,001-30,000",74.0,3.73,1867187.0
6113,亞矽,2020-03-13,"200,001-400,000",8.0,4.37,2192000.0
6113,亞矽,2020-03-13,"30,001-40,000",39.0,2.75,1380005.0
6113,亞矽,2020-03-13,"40,001-50,000",26.0,2.38,1195800.0
6113,亞矽,2020-03-13,"400,001-600,000",1.0,0.85,429000.0
6113,亞矽,2020-03-13,"5,001-10,000",357.0,5.98,2992993.0
6113,亞矽,2020-03-13,"50,001-100,000",57.0,8.15,4082527.0
6113,亞矽,2020-03-13,"600,001-800,000",1.0,1.41,706748.0
6113,亞矽,2020-03-13,"800,001-1,000,000",0.0,0.0,0.0
6113,亞矽,2020-03-13,"more than 1,000,001",5.0,49.35,24698741.0
6113,亞矽,2020-03-13,total,3685.0,100.0,50047100.0
6113,亞矽,2020-03-20,1-999,912.0,0.31,155426.0
6113,亞矽,2020-03-20,"1,000-5,000",1983.0,8.32,4165682.0
6113,亞矽,2020-03-20,"10,001-15,000",108.0,2.77,1388427.0
6113,亞矽,2020-03-20,"100,001-200,000",26.0,6.7,3357211.0
6113,亞矽,2020-03-20,"15,001-20,000",88.0,3.33,1671358.0
6113,亞矽,2020-03-20,"20,001-30,000",71.0,3.59,1797187.0
6113,亞矽,2020-03-20,"200,001-400,000",9.0,4.97,2492000.0
6113,亞矽,2020-03-20,"30,001-40,000",40.0,2.82,1413005.0
6113,亞矽,2020-03-20,"40,001-50,000",26.0,2.39,1200800.0
6113,亞矽,2020-03-20,"400,001-600,000",0.0,0.0,0.0
6113,亞矽,2020-03-20,"5,001-10,000",356.0,5.99,2997988.0
6113,亞矽,2020-03-20,"50,001-100,000",56.0,7.99,4002527.0
6113,亞矽,2020-03-20,"600,001-800,000",1.0,1.41,706748.0
6113,亞矽,2020-03-20,"800,001-1,000,000",0.0,0.0,0.0
6113,亞矽,2020-03-20,"more than 1,000,001",5.0,49.35,24698741.0
6113,亞矽,2020-03-20,total,3681.0,100.0,50047100.0
6113,亞矽,2020-03-27,1-999,920.0,0.31,157476.0
6113,亞矽,2020-03-27,"1,000-5,000",1973.0,8.28,4146632.0
6113,亞矽,2020-03-27,"10,001-15,000",108.0,2.76,1385477.0
6113,亞矽,2020-03-27,"100,001-200,000",26.0,6.71,3362211.0
6113,亞矽,2020-03-27,"15,001-20,000",88.0,3.33,1667358.0
6113,亞矽,2020-03-27,"20,001-30,000",71.0,3.58,1796187.0
6113,亞矽,2020-03-27,"200,001-400,000",9.0,5.03,2519000.0
6113,亞矽,2020-03-27,"30,001-40,000",40.0,2.83,1420005.0
6113,亞矽,2020-03-27,"40,001-50,000",24.0,2.22,1112800.0
6113,亞矽,2020-03-27,"400,001-600,000",0.0,0.0,0.0
6113,亞矽,2020-03-27,"5,001-10,000",360.0,6.04,3025938.0
6113,亞矽,2020-03-27,"50,001-100,000",57.0,8.08,4048527.0
6113,亞矽,2020-03-27,"600,001-800,000",1.0,1.41,706748.0
6113,亞矽,2020-03-27,"800,001-1,000,000",0.0,0.0,0.0
6113,亞矽,2020-03-27,"more than 1,000,001",5.0,49.35,24698741.0
6113,亞矽,2020-03-27,total,3682.0,100.0,50047100.0
6113,亞矽,2020-04-01,1-999,923.0,0.31,157676.0
6113,亞矽,2020-04-01,"1,000-5,000",1974.0,8.28,4148432.0
6113,亞矽,2020-04-01,"10,001-15,000",109.0,2.8,1401477.0
6113,亞矽,2020-04-01,"100,001-200,000",26.0,6.86,3436211.0
6113,亞矽,2020-04-01,"15,001-20,000",88.0,3.33,1671358.0
6113,亞矽,2020-04-01,"20,001-30,000",70.0,3.53,1769187.0
6113,亞矽,2020-04-01,"200,001-400,000",9.0,5.07,2540000.0
6113,亞矽,2020-04-01,"30,001-40,000",40.0,2.83,1418005.0
6113,亞矽,2020-04-01,"40,001-50,000",24.0,2.22,1115800.0
6113,亞矽,2020-04-01,"400,001-600,000",0.0,0.0,0.0
6113,亞矽,2020-04-01,"5,001-10,000",359.0,6.01,3010938.0
6113,亞矽,2020-04-01,"50,001-100,000",56.0,7.93,3972527.0
6113,亞矽,2020-04-01,"600,001-800,000",1.0,1.41,706748.0
6113,亞矽,2020-04-01,"800,001-1,000,000",0.0,0.0,0.0
6113,亞矽,2020-04-01,"more than 1,000,001",5.0,49.35,24698741.0
6113,亞矽,2020-04-01,total,3684.0,100.0,50047100.0
6113,亞矽,2020-04-10,1-999,931.0,0.31,158279.0
6113,亞矽,2020-04-10,"1,000-5,000",1966.0,8.27,4142222.0
6113,亞矽,2020-04-10,"10,001-15,000",111.0,2.84,1424477.0
6113,亞矽,2020-04-10,"100,001-200,000",25.0,6.31,3161211.0
6113,亞矽,2020-04-10,"15,001-20,000",86.0,3.26,1634358.0
6113,亞矽,2020-04-10,"20,001-30,000",70.0,3.54,1772187.0
6113,亞矽,2020-04-10,"200,001-400,000",10.0,5.5,2755000.0
6113,亞矽,2020-04-10,"30,001-40,000",39.0,2.76,1385005.0
6113,亞矽,2020-04-10,"40,001-50,000",26.0,2.41,1206800.0
6113,亞矽,2020-04-10,"400,001-600,000",0.0,0.0,0.0
6113,亞矽,2020-04-10,"5,001-10,000",354.0,5.95,2979545.0
6113,亞矽,2020-04-10,"50,001-100,000",57.0,8.03,4022527.0
6113,亞矽,2020-04-10,"600,001-800,000",1.0,1.41,706748.0
6113,亞矽,2020-04-10,"800,001-1,000,000",0.0,0.0,0.0
6113,亞矽,2020-04-10,"more than 1,000,001",5.0,49.35,24698741.0
6113,亞矽,2020-04-10,total,3681.0,100.0,50047100.0
6113,亞矽,2020-04-17,1-999,937.0,0.31,159334.0
6113,亞矽,2020-04-17,"1,000-5,000",1966.0,8.27,4142917.0
6113,亞矽,2020-04-17,"10,001-15,000",114.0,2.92,1462427.0
6113,亞矽,2020-04-17,"100,001-200,000",25.0,6.61,3309211.0
6113,亞矽,2020-04-17,"15,001-20,000",85.0,3.21,1611358.0
6113,亞矽,2020-04-17,"20,001-30,000",70.0,3.54,1774187.0
6113,亞矽,2020-04-17,"200,001-400,000",9.0,5.09,2550000.0
6113,亞矽,2020-04-17,"30,001-40,000",42.0,2.97,1488005.0
6113,亞矽,2020-04-17,"40,001-50,000",24.0,2.22,1114800.0
6113,亞矽,2020-04-17,"400,001-600,000",0.0,0.0,0.0
6113,亞矽,2020-04-17,"5,001-10,000",353.0,5.93,2967845.0
6113,亞矽,2020-04-17,"50,001-100,000",57.0,8.11,4061527.0
6113,亞矽,2020-04-17,"600,001-800,000",1.0,1.41,706748.0
6113,亞矽,2020-04-17,"800,001-1,000,000",0.0,0.0,0.0
6113,亞矽,2020-04-17,"more than 1,000,001",5.0,49.35,24698741.0
6113,亞矽,2020-04-17,total,3688.0,100.0,50047100.0
6113,亞矽,2020-04-24,1-999,948.0,0.32,161462.0
6113,亞矽,2020-04-24,"1,000-5,000",1967.0,8.26,4136419.0
6113,亞矽,2020-04-24,"10,001-15,000",114.0,2.93,1466427.0
6113,亞矽,2020-04-24,"100,001-200,000",25.0,6.48,3245211.0
6113,亞矽,2020-04-24,"15,001-20,000",87.0,3.29,1651358.0
6113,亞矽,2020-04-24,"20,001-30,000",71.0,3.61,1811187.0
6113,亞矽,2020-04-24,"200,001-400,000",10.0,5.49,2752000.0
6113,亞矽,2020-04-24,"30,001-40,000",41.0,2.88,1446005.0
6113,亞矽,2020-04-24,"40,001-50,000",23.0,2.12,1063800.0
6113,亞矽,2020-04-24,"400,001-600,000",0.0,0.0,0.0
6113,亞矽,2020-04-24,"5,001-10,000",351.0,5.88,2945215.0
6113,亞矽,2020-04-24,"50,001-100,000",56.0,7.91,3962527.0
6113,亞矽,2020-04-24,"600,001-800,000",1.0,1.41,706748.0
6113,亞矽,2020-04-24,"800,001-1,000,000",0.0,0.0,0.0
6113,亞矽,2020-04-24,"more than 1,000,001",5.0,49.35,24698741.0
6113,亞矽,2020-04-24,total,3699.0,100.0,50047100.0
6113,亞矽,2020-04-30,1-999,959.0,0.32,163523.0
6113,亞矽,2020-04-30,"1,000-5,000",1964.0,8.23,4120358.0
6113,亞矽,2020-04-30,"10,001-15,000",114.0,2.93,1466427.0
6113,亞矽,2020-04-30,"100,001-200,000",24.0,6.25,3132211.0
6113,亞矽,2020-04-30,"15,001-20,000",87.0,3.29,1651358.0
6113,亞矽,2020-04-30,"20,001-30,000",71.0,3.6,1806187.0
6113,亞矽,2020-04-30,"200,001-400,000",10.0,5.63,2818000.0
6113,亞矽,2020-04-30,"30,001-40,000",40.0,2.81,1409005.0
6113,亞矽,2020-04-30,"40,001-50,000",24.0,2.21,1110800.0
6113,亞矽,2020-04-30,"400,001-600,000",0.0,0.0,0.0
6113,亞矽,2020-04-30,"5,001-10,000",351.0,5.9,2957215.0
6113,亞矽,2020-04-30,"50,001-100,000",56.0,8.0,4006527.0
6113,亞矽,2020-04-30,"600,001-800,000",1.0,1.41,706748.0
6113,亞矽,2020-04-30,"800,001-1,000,000",0.0,0.0,0.0
6113,亞矽,2020-04-30,"more than 1,000,001",5.0,49.35,24698741.0
6113,亞矽,2020-04-30,total,3706.0,100.0,50047100.0
6113,亞矽,2020-05-15,1-999,972.0,0.33,165669.0
6113,亞矽,2020-05-15,"1,000-5,000",1979.0,8.3,4158012.0
6113,亞矽,2020-05-15,"10,001-15,000",109.0,2.8,1402427.0
6113,亞矽,2020-05-15,"100,001-200,000",24.0,6.39,3198211.0
6113,亞矽,2020-05-15,"15,001-20,000",86.0,3.25,1630358.0
6113,亞矽,2020-05-15,"20,001-30,000",73.0,3.7,1856187.0
6113,亞矽,2020-05-15,"200,001-400,000",9.0,5.26,2637000.0
6113,亞矽,2020-05-15,"30,001-40,000",38.0,2.68,1345005.0
6113,亞矽,2020-05-15,"40,001-50,000",23.0,2.11,1060800.0
6113,亞矽,2020-05-15,"400,001-600,000",0.0,0.0,0.0
6113,亞矽,2020-05-15,"5,001-10,000",352.0,5.95,2978415.0
6113,亞矽,2020-05-15,"50,001-100,000",58.0,8.31,4159527.0
6113,亞矽,2020-05-15,"600,001-800,000",1.0,1.41,706748.0
6113,亞矽,2020-05-15,"800,001-1,000,000",0.0,0.0,0.0
6113,亞矽,2020-05-15,"more than 1,000,001",5.0,49.45,24748741.0
6113,亞矽,2020-05-15,total,3729.0,100.0,50047100.0
6113,亞矽,2020-05-22,1-999,982.0,0.33,167432.0
6113,亞矽,2020-05-22,"1,000-5,000",1994.0,8.35,4183249.0
6113,亞矽,2020-05-22,"10,001-15,000",110.0,2.83,1417427.0
6113,亞矽,2020-05-22,"100,001-200,000",24.0,6.39,3199211.0
6113,亞矽,2020-05-22,"15,001-20,000",85.0,3.22,1614358.0
6113,亞矽,2020-05-22,"20,001-30,000",73.0,3.71,1860187.0
6113,亞矽,2020-05-22,"200,001-400,000",9.0,5.27,2639000.0
6113,亞矽,2020-05-22,"30,001-40,000",38.0,2.68,1344005.0
6113,亞矽,2020-05-22,"40,001-50,000",23.0,2.1,1054800.0
6113,亞矽,2020-05-22,"400,001-600,000",0.0,0.0,0.0
6113,亞矽,2020-05-22,"5,001-10,000",348.0,5.89,2950415.0
6113,亞矽,2020-05-22,"50,001-100,000",58.0,8.27,4141527.0
6113,亞矽,2020-05-22,"600,001-800,000",1.0,1.41,706748.0
6113,亞矽,2020-05-22,"800,001-1,000,000",0.0,0.0,0.0
6113,亞矽,2020-05-22,"more than 1,000,001",5.0,49.49,24768741.0
6113,亞矽,2020-05-22,total,3750.0,100.0,50047100.0
6113,亞矽,2020-05-29,1-999,994.0,0.34,170375.0
6113,亞矽,2020-05-29,"1,000-5,000",1996.0,8.36,4184224.0
6113,亞矽,2020-05-29,"10,001-15,000",108.0,2.77,1390427.0
6113,亞矽,2020-05-29,"100,001-200,000",24.0,6.39,3201211.0
6113,亞矽,2020-05-29,"15,001-20,000",85.0,3.22,1614358.0
6113,亞矽,2020-05-29,"20,001-30,000",74.0,3.76,1882187.0
6113,亞矽,2020-05-29,"200,001-400,000",9.0,5.23,2619000.0
6113,亞矽,2020-05-29,"30,001-40,000",37.0,2.6,1306005.0
6113,亞矽,2020-05-29,"40,001-50,000",25.0,2.27,1137800.0
6113,亞矽,2020-05-29,"400,001-600,000",0.0,0.0,0.0
6113,亞矽,2020-05-29,"5,001-10,000",346.0,5.85,2931497.0
6113,亞矽,2020-05-29,"50,001-100,000",58.0,8.26,4134527.0
6113,亞矽,2020-05-29,"600,001-800,000",1.0,1.41,706748.0
6113,亞矽,2020-05-29,"800,001-1,000,000",0.0,0.0,0.0
6113,亞矽,2020-05-29,"more than 1,000,001",5.0,49.49,24768741.0
6113,亞矽,2020-05-29,total,3762.0,100.0,50047100.0
6113,亞矽,2020-06-05,1-999,1011.0,0.34,171978.0
6113,亞矽,2020-06-05,"1,000-5,000",2002.0,8.36,4184621.0
6113,亞矽,2020-06-05,"10,001-15,000",109.0,2.8,1404427.0
6113,亞矽,2020-06-05,"100,001-200,000",24.0,6.36,3183211.0
6113,亞矽,2020-06-05,"15,001-20,000",85.0,3.22,1615358.0
6113,亞矽,2020-06-05,"20,001-30,000",72.0,3.65,1828187.0
6113,亞矽,2020-06-05,"200,001-400,000",9.0,5.21,2608000.0
6113,亞矽,2020-06-05,"30,001-40,000",39.0,2.75,1378005.0
6113,亞矽,2020-06-05,"40,001-50,000",23.0,2.1,1053800.0
6113,亞矽,2020-06-05,"400,001-600,000",0.0,0.0,0.0
6113,亞矽,2020-06-05,"5,001-10,000",349.0,5.9,2956497.0
6113,亞矽,2020-06-05,"50,001-100,000",59.0,8.32,4167527.0
6113,亞矽,2020-06-05,"600,001-800,000",1.0,1.41,706748.0
6113,亞矽,2020-06-05,"800,001-1,000,000",0.0,0.0,0.0
6113,亞矽,2020-06-05,"more than 1,000,001",5.0,49.53,24788741.0
6113,亞矽,2020-06-05,total,3788.0,100.0,50047100.0
6113,亞矽,2020-06-12,1-999,1054.0,0.35,177252.0
6113,亞矽,2020-06-12,"1,000-5,000",2020.0,8.39,4199347.0
6113,亞矽,2020-06-12,"10,001-15,000",108.0,2.78,1391427.0
6113,亞矽,2020-06-12,"100,001-200,000",24.0,6.35,3179211.0
6113,亞矽,2020-06-12,"15,001-20,000",85.0,3.22,1613358.0
6113,亞矽,2020-06-12,"20,001-30,000",72.0,3.63,1818187.0
6113,亞矽,2020-06-12,"200,001-400,000",9.0,5.15,2580000.0
6113,亞矽,2020-06-12,"30,001-40,000",38.0,2.66,1335005.0
6113,亞矽,2020-06-12,"40,001-50,000",24.0,2.19,1096800.0
6113,亞矽,2020-06-12,"400,001-600,000",0.0,0.0,0.0
6113,亞矽,2020-06-12,"5,001-10,000",347.0,5.87,2938497.0
6113,亞矽,2020-06-12,"50,001-100,000",59.0,8.33,4172527.0
6113,亞矽,2020-06-12,"600,001-800,000",1.0,1.41,706748.0
6113,亞矽,2020-06-12,"800,001-1,000,000",0.0,0.0,0.0
6113,亞矽,2020-06-12,"more than 1,000,001",5.0,49.63,24838741.0
6113,亞矽,2020-06-12,total,3846.0,100.0,50047100.0
6113,亞矽,2020-06-20,1-999,1070.0,0.35,178897.0
6113,亞矽,2020-06-20,"1,000-5,000",2028.0,8.43,4221702.0
6113,亞矽,2020-06-20,"10,001-15,000",112.0,2.9,1452427.0
6113,亞矽,2020-06-20,"100,001-200,000",24.0,6.37,3188211.0
6113,亞矽,2020-06-20,"15,001-20,000",81.0,3.07,1539358.0
6113,亞矽,2020-06-20,"20,001-30,000",74.0,3.74,1874187.0
6113,亞矽,2020-06-20,"200,001-400,000",9.0,5.21,2608000.0
6113,亞矽,2020-06-20,"30,001-40,000",38.0,2.68,1346005.0
6113,亞矽,2020-06-20,"40,001-50,000",21.0,1.93,970800.0
6113,亞矽,2020-06-20,"400,001-600,000",0.0,0.0,0.0
6113,亞矽,2020-06-20,"5,001-10,000",346.0,5.85,2929497.0
6113,亞矽,2020-06-20,"50,001-100,000",59.0,8.37,4192527.0
6113,亞矽,2020-06-20,"600,001-800,000",1.0,1.41,706748.0
6113,亞矽,2020-06-20,"800,001-1,000,000",0.0,0.0,0.0
6113,亞矽,2020-06-20,"more than 1,000,001",5.0,49.63,24838741.0
6113,亞矽,2020-06-20,total,3868.0,100.0,50047100.0
6113,亞矽,2020-06-24,1-999,1093.0,0.36,182497.0
6113,亞矽,2020-06-24,"1,000-5,000",2038.0,8.47,4239102.0
6113,亞矽,2020-06-24,"10,001-15,000",108.0,2.78,1395427.0
6113,亞矽,2020-06-24,"100,001-200,000",24.0,6.38,3196211.0
6113,亞矽,2020-06-24,"15,001-20,000",82.0,3.1,1554358.0
6113,亞矽,2020-06-24,"20,001-30,000",74.0,3.75,1879187.0
6113,亞矽,2020-06-24,"200,001-400,000",9.0,5.26,2633000.0
6113,亞矽,2020-06-24,"30,001-40,000",38.0,2.68,1345005.0
6113,亞矽,2020-06-24,"40,001-50,000",21.0,1.93,970800.0
6113,亞矽,2020-06-24,"400,001-600,000",0.0,0.0,0.0
6113,亞矽,2020-06-24,"5,001-10,000",348.0,5.87,2940497.0
6113,亞矽,2020-06-24,"50,001-100,000",59.0,8.32,4165527.0
6113,亞矽,2020-06-24,"600,001-800,000",1.0,1.41,706748.0
6113,亞矽,2020-06-24,"800,001-1,000,000",0.0,0.0,0.0
6113,亞矽,2020-06-24,"more than 1,000,001",5.0,49.63,24838741.0
6113,亞矽,2020-06-24,total,3900.0,100.0,50047100.0
6113,亞矽,2020-07-03,1-999,1104.0,0.36,183667.0
6113,亞矽,2020-07-03,"1,000-5,000",2056.0,8.51,4262931.0
6113,亞矽,2020-07-03,"10,001-15,000",104.0,2.67,1340727.0
6113,亞矽,2020-07-03,"100,001-200,000",24.0,6.38,3193211.0
6113,亞矽,2020-07-03,"15,001-20,000",85.0,3.21,1607058.0
6113,亞矽,2020-07-03,"20,001-30,000",73.0,3.69,1851187.0
6113,亞矽,2020-07-03,"200,001-400,000",9.0,5.22,2616000.0
6113,亞矽,2020-07-03,"30,001-40,000",40.0,2.83,1418005.0
6113,亞矽,2020-07-03,"40,001-50,000",22.0,2.03,1017800.0
6113,亞矽,2020-07-03,"400,001-600,000",0.0,0.0,0.0
6113,亞矽,2020-07-03,"5,001-10,000",354.0,5.94,2977498.0
6113,亞矽,2020-07-03,"50,001-100,000",56.0,8.03,4023527.0
6113,亞矽,2020-07-03,"600,001-800,000",1.0,1.41,706748.0
6113,亞矽,2020-07-03,"800,001-1,000,000",0.0,0.0,0.0
6113,亞矽,2020-07-03,"more than 1,000,001",5.0,49.65,24848741.0
6113,亞矽,2020-07-03,total,3933.0,100.0,50047100.0
6113,亞矽,2020-07-10,1-999,1169.0,0.38,193426.0
6113,亞矽,2020-07-10,"1,000-5,000",2116.0,8.68,4347072.0
6113,亞矽,2020-07-10,"10,001-15,000",109.0,2.82,1411727.0
6113,亞矽,2020-07-10,"100,001-200,000",23.0,6.0,3005211.0
6113,亞矽,2020-07-10,"15,001-20,000",88.0,3.33,1669058.0
6113,亞矽,2020-07-10,"20,001-30,000",75.0,3.78,1895187.0
6113,亞矽,2020-07-10,"200,001-400,000",10.0,5.55,2778000.0
6113,亞矽,2020-07-10,"30,001-40,000",35.0,2.45,1230005.0
6113,亞矽,2020-07-10,"40,001-50,000",25.0,2.3,1153800.0
6113,亞矽,2020-07-10,"400,001-600,000",0.0,0.0,0.0
6113,亞矽,2020-07-10,"5,001-10,000",357.0,5.98,2996598.0
6113,亞矽,2020-07-10,"50,001-100,000",54.0,7.61,3811527.0
6113,亞矽,2020-07-10,"600,001-800,000",1.0,1.41,706748.0
6113,亞矽,2020-07-10,"800,001-1,000,000",0.0,0.0,0.0
6113,亞矽,2020-07-10,"more than 1,000,001",5.0,49.65,24848741.0
6113,亞矽,2020-07-10,total,4067.0,100.0,50047100.0
6113,亞矽,2020-07-17,1-999,1266.0,0.41,206449.0
6113,亞矽,2020-07-17,"1,000-5,000",2139.0,8.74,4377049.0
6113,亞矽,2020-07-17,"10,001-15,000",112.0,2.9,1454427.0
6113,亞矽,2020-07-17,"100,001-200,000",23.0,6.09,3049211.0
6113,亞矽,2020-07-17,"15,001-20,000",83.0,3.14,1572358.0
6113,亞矽,2020-07-17,"20,001-30,000",75.0,3.78,1895187.0
6113,亞矽,2020-07-17,"200,001-400,000",10.0,5.4,2707000.0
6113,亞矽,2020-07-17,"30,001-40,000",35.0,2.45,1231005.0
6113,亞矽,2020-07-17,"40,001-50,000",24.0,2.22,1113800.0
6113,亞矽,2020-07-17,"400,001-600,000",0.0,0.0,0.0
6113,亞矽,2020-07-17,"5,001-10,000",352.0,5.9,2956598.0
6113,亞矽,2020-07-17,"50,001-100,000",55.0,7.84,3928527.0
6113,亞矽,2020-07-17,"600,001-800,000",1.0,1.41,706748.0
6113,亞矽,2020-07-17,"800,001-1,000,000",0.0,0.0,0.0
6113,亞矽,2020-07-17,"more than 1,000,001",5.0,49.65,24848741.0
6113,亞矽,2020-07-17,total,4180.0,100.0,50047100.0
6113,亞矽,2020-07-24,1-999,1375.0,0.44,221446.0
6113,亞矽,2020-07-24,"1,000-5,000",2129.0,8.66,4338052.0
6113,亞矽,2020-07-24,"10,001-15,000",110.0,2.85,1427427.0
6113,亞矽,2020-07-24,"100,001-200,000",24.0,6.3,3154211.0
6113,亞矽,2020-07-24,"15,001-20,000",87.0,3.28,1644358.0
6113,亞矽,2020-07-24,"20,001-30,000",75.0,3.79,1897187.0
6113,亞矽,2020-07-24,"200,001-400,000",10.0,5.33,2671000.0
6113,亞矽,2020-07-24,"30,001-40,000",35.0,2.47,1238005.0
6113,亞矽,2020-07-24,"40,001-50,000",24.0,2.21,1108800.0
6113,亞矽,2020-07-24,"400,001-600,000",0.0,0.0,0.0
6113,亞矽,2020-07-24,"5,001-10,000",351.0,5.88,2946598.0
6113,亞矽,2020-07-24,"50,001-100,000",54.0,7.68,3844527.0
6113,亞矽,2020-07-24,"600,001-800,000",1.0,1.41,706748.0
6113,亞矽,2020-07-24,"800,001-1,000,000",0.0,0.0,0.0
6113,亞矽,2020-07-24,"more than 1,000,001",5.0,49.65,24848741.0
6113,亞矽,2020-07-24,total,4280.0,100.0,50047100.0
6113,亞矽,2020-07-31,1-999,1449.0,0.46,231414.0
6113,亞矽,2020-07-31,"1,000-5,000",2116.0,8.58,4298084.0
6113,亞矽,2020-07-31,"10,001-15,000",111.0,2.86,1435427.0
6113,亞矽,2020-07-31,"100,001-200,000",25.0,6.5,3256211.0
6113,亞矽,2020-07-31,"15,001-20,000",86.0,3.25,1631358.0
6113,亞矽,2020-07-31,"20,001-30,000",73.0,3.68,1843189.0
6113,亞矽,2020-07-31,"200,001-400,000",10.0,5.43,2722000.0
6113,亞矽,2020-07-31,"30,001-40,000",37.0,2.61,1308003.0
6113,亞矽,2020-07-31,"40,001-50,000",24.0,2.21,1108800.0
6113,亞矽,2020-07-31,"400,001-600,000",0.0,0.0,0.0
6113,亞矽,2020-07-31,"5,001-10,000",346.0,5.8,2906598.0
6113,亞矽,2020-07-31,"50,001-100,000",53.0,7.49,3750527.0
6113,亞矽,2020-07-31,"600,001-800,000",1.0,1.41,706748.0
6113,亞矽,2020-07-31,"800,001-1,000,000",0.0,0.0,0.0
6113,亞矽,2020-07-31,"more than 1,000,001",5.0,49.65,24848741.0
6113,亞矽,2020-07-31,total,4336.0,100.0,50047100.0
6113,亞矽,2020-08-07,1-999,1518.0,0.48,241618.0
6113,亞矽,2020-08-07,"1,000-5,000",2122.0,8.62,4315577.0
6113,亞矽,2020-08-07,"10,001-15,000",110.0,2.85,1427177.0
6113,亞矽,2020-08-07,"100,001-200,000",24.0,6.11,3062211.0
6113,亞矽,2020-08-07,"15,001-20,000",87.0,3.29,1651358.0
6113,亞矽,2020-08-07,"20,001-30,000",71.0,3.58,1796189.0
6113,亞矽,2020-08-07,"200,001-400,000",11.0,5.82,2913000.0
6113,亞矽,2020-08-07,"30,001-40,000",37.0,2.59,1300003.0
6113,亞矽,2020-08-07,"40,001-50,000",24.0,2.21,1108800.0
6113,亞矽,2020-08-07,"400,001-600,000",0.0,0.0,0.0
6113,亞矽,2020-08-07,"5,001-10,000",348.0,5.84,2924151.0
6113,亞矽,2020-08-07,"50,001-100,000",53.0,7.49,3751527.0
6113,亞矽,2020-08-07,"600,001-800,000",1.0,1.41,706748.0
6113,亞矽,2020-08-07,"800,001-1,000,000",0.0,0.0,0.0
6113,亞矽,2020-08-07,"more than 1,000,001",5.0,49.65,24848741.0
6113,亞矽,2020-08-07,total,4411.0,100.0,50047100.0
6113,亞矽,2020-08-14,1-999,1613.0,0.5,254691.0
6113,亞矽,2020-08-14,"1,000-5,000",2128.0,8.65,4333508.0
6113,亞矽,2020-08-14,"10,001-15,000",111.0,2.88,1442177.0
6113,亞矽,2020-08-14,"100,001-200,000",24.0,6.31,3160211.0
6113,亞矽,2020-08-14,"15,001-20,000",89.0,3.37,1687358.0
6113,亞矽,2020-08-14,"20,001-30,000",72.0,3.62,1816189.0
6113,亞矽,2020-08-14,"200,001-400,000",10.0,5.3,2655000.0
6113,亞矽,2020-08-14,"30,001-40,000",37.0,2.6,1306003.0
6113,亞矽,2020-08-14,"40,001-50,000",25.0,2.31,1158800.0
6113,亞矽,2020-08-14,"400,001-600,000",0.0,0.0,0.0
6113,亞矽,2020-08-14,"5,001-10,000",343.0,5.76,2884147.0
6113,亞矽,2020-08-14,"50,001-100,000",53.0,7.57,3793527.0
6113,亞矽,2020-08-14,"600,001-800,000",1.0,1.41,706748.0
6113,亞矽,2020-08-14,"800,001-1,000,000",0.0,0.0,0.0
6113,亞矽,2020-08-14,"more than 1,000,001",5.0,49.65,24848741.0
6113,亞矽,2020-08-14,total,4511.0,100.0,50047100.0
6113,亞矽,2020-08-21,1-999,1666.0,0.52,261941.0
6113,亞矽,2020-08-21,"1,000-5,000",2143.0,8.67,4340258.0
6113,亞矽,2020-08-21,"10,001-15,000",112.0,2.9,1454177.0
6113,亞矽,2020-08-21,"100,001-200,000",26.0,6.98,3494211.0
6113,亞矽,2020-08-21,"15,001-20,000",88.0,3.34,1674358.0
6113,亞矽,2020-08-21,"20,001-30,000",71.0,3.56,1785189.0
6113,亞矽,2020-08-21,"200,001-400,000",8.0,4.11,2059000.0
6113,亞矽,2020-08-21,"30,001-40,000",37.0,2.6,1303003.0
6113,亞矽,2020-08-21,"40,001-50,000",27.0,2.49,1249800.0
6113,亞矽,2020-08-21,"400,001-600,000",1.0,0.8,404000.0
6113,亞矽,2020-08-21,"5,001-10,000",346.0,5.81,2909147.0
6113,亞矽,2020-08-21,"50,001-100,000",50.0,7.1,3556527.0
6113,亞矽,2020-08-21,"600,001-800,000",1.0,1.41,706748.0
6113,亞矽,2020-08-21,"800,001-1,000,000",0.0,0.0,0.0
6113,亞矽,2020-08-21,"more than 1,000,001",5.0,49.65,24848741.0
6113,亞矽,2020-08-21,total,4581.0,100.0,50047100.0
6113,亞矽,2020-08-28,1-999,1734.0,0.54,275111.0
6113,亞矽,2020-08-28,"1,000-5,000",2156.0,8.69,4352082.0
6113,亞矽,2020-08-28,"10,001-15,000",115.0,2.98,1492177.0
6113,亞矽,2020-08-28,"100,001-200,000",24.0,6.56,3283211.0
6113,亞矽,2020-08-28,"15,001-20,000",88.0,3.33,1671358.0
6113,亞矽,2020-08-28,"20,001-30,000",70.0,3.52,1765189.0
6113,亞矽,2020-08-28,"200,001-400,000",8.0,4.03,2019000.0
6113,亞矽,2020-08-28,"30,001-40,000",40.0,2.83,1420003.0
6113,亞矽,2020-08-28,"40,001-50,000",26.0,2.42,1211800.0
6113,亞矽,2020-08-28,"400,001-600,000",1.0,0.8,404000.0
6113,亞矽,2020-08-28,"5,001-10,000",347.0,5.83,2922153.0
6113,亞矽,2020-08-28,"50,001-100,000",51.0,7.3,3655527.0
6113,亞矽,2020-08-28,"600,001-800,000",1.0,1.41,706748.0
6113,亞矽,2020-08-28,"800,001-1,000,000",0.0,0.0,0.0
6113,亞矽,2020-08-28,"more than 1,000,001",5.0,49.69,24868741.0
6113,亞矽,2020-08-28,total,4666.0,100.0,50047100.0
6113,亞矽,2020-09-04,1-999,1804.0,0.57,288116.0
6113,亞矽,2020-09-04,"1,000-5,000",2159.0,8.7,4355083.0
6113,亞矽,2020-09-04,"10,001-15,000",121.0,3.13,1567177.0
6113,亞矽,2020-09-04,"100,001-200,000",27.0,7.41,3713211.0
6113,亞矽,2020-09-04,"15,001-20,000",86.0,3.27,1640358.0
6113,亞矽,2020-09-04,"20,001-30,000",64.0,3.24,1622189.0
6113,亞矽,2020-09-04,"200,001-400,000",6.0,3.2,1604000.0
6113,亞矽,2020-09-04,"30,001-40,000",40.0,2.81,1409003.0
6113,亞矽,2020-09-04,"40,001-50,000",26.0,2.41,1207800.0
6113,亞矽,2020-09-04,"400,001-600,000",1.0,0.8,404000.0
6113,亞矽,2020-09-04,"5,001-10,000",353.0,5.93,2971147.0
6113,亞矽,2020-09-04,"50,001-100,000",52.0,7.37,3689527.0
6113,亞矽,2020-09-04,"600,001-800,000",1.0,1.41,706748.0
6113,亞矽,2020-09-04,"800,001-1,000,000",0.0,0.0,0.0
6113,亞矽,2020-09-04,"more than 1,000,001",5.0,49.69,24868741.0
6113,亞矽,2020-09-04,total,4745.0,100.0,50047100.0
6113,亞矽,2020-09-11,1-999,1888.0,0.6,300345.0
6113,亞矽,2020-09-11,"1,000-5,000",2194.0,8.8,4406854.0
6113,亞矽,2020-09-11,"10,001-15,000",118.0,3.07,1541177.0
6113,亞矽,2020-09-11,"100,001-200,000",26.0,7.19,3600211.0
6113,亞矽,2020-09-11,"15,001-20,000",87.0,3.32,1662358.0
6113,亞矽,2020-09-11,"20,001-30,000",70.0,3.54,1774189.0
6113,亞矽,2020-09-11,"200,001-400,000",5.0,2.76,1383000.0
6113,亞矽,2020-09-11,"30,001-40,000",39.0,2.77,1387003.0
6113,亞矽,2020-09-11,"40,001-50,000",24.0,2.23,1117800.0
6113,亞矽,2020-09-11,"400,001-600,000",1.0,0.8,404000.0
6113,亞矽,2020-09-11,"5,001-10,000",362.0,6.11,3061147.0
6113,亞矽,2020-09-11,"50,001-100,000",55.0,7.65,3833527.0
6113,亞矽,2020-09-11,"600,001-800,000",1.0,1.41,706748.0
6113,亞矽,2020-09-11,"800,001-1,000,000",0.0,0.0,0.0
6113,亞矽,2020-09-11,"more than 1,000,001",5.0,49.69,24868741.0
6113,亞矽,2020-09-11,total,4875.0,100.0,50047100.0
6113,亞矽,2020-09-18,1-999,1915.0,0.6,304481.0
6113,亞矽,2020-09-18,"1,000-5,000",2428.0,9.83,4922418.0
6113,亞矽,2020-09-18,"10,001-15,000",113.0,2.9,1453629.0
6113,亞矽,2020-09-18,"100,001-200,000",25.0,6.75,3378211.0
6113,亞矽,2020-09-18,"15,001-20,000",91.0,3.45,1731356.0
6113,亞矽,2020-09-18,"20,001-30,000",64.0,3.3,1654365.0
6113,亞矽,2020-09-18,"200,001-400,000",6.0,3.34,1676000.0
6113,亞矽,2020-09-18,"30,001-40,000",33.0,2.34,1176005.0
6113,亞矽,2020-09-18,"40,001-50,000",29.0,2.68,1344800.0
6113,亞矽,2020-09-18,"400,001-600,000",0.0,0.0,0.0
6113,亞矽,2020-09-18,"5,001-10,000",385.0,6.56,3285147.0
6113,亞矽,2020-09-18,"50,001-100,000",50.0,7.08,3545199.0
6113,亞矽,2020-09-18,"600,001-800,000",1.0,1.41,706748.0
6113,亞矽,2020-09-18,"800,001-1,000,000",0.0,0.0,0.0
6113,亞矽,2020-09-18,"more than 1,000,001",5.0,49.69,24868741.0
6113,亞矽,2020-09-18,total,5145.0,100.0,50047100.0
6113,亞矽,2020-09-26,1-999,1938.0,0.61,308519.0
6113,亞矽,2020-09-26,"1,000-5,000",2564.0,10.47,5240379.0
6113,亞矽,2020-09-26,"10,001-15,000",106.0,2.75,1378629.0
6113,亞矽,2020-09-26,"100,001-200,000",26.0,7.08,3544211.0
6113,亞矽,2020-09-26,"15,001-20,000",87.0,3.28,1645356.0
6113,亞矽,2020-09-26,"20,001-30,000",70.0,3.63,1819037.0
6113,亞矽,2020-09-26,"200,001-400,000",4.0,2.25,1130000.0
6113,亞矽,2020-09-26,"30,001-40,000",36.0,2.57,1287333.0
6113,亞矽,2020-09-26,"40,001-50,000",26.0,2.44,1222800.0
6113,亞矽,2020-09-26,"400,001-600,000",0.0,0.0,0.0
6113,亞矽,2020-09-26,"5,001-10,000",414.0,7.03,3519148.0
6113,亞矽,2020-09-26,"50,001-100,000",48.0,6.74,3376199.0
6113,亞矽,2020-09-26,"600,001-800,000",1.0,1.41,706748.0
6113,亞矽,2020-09-26,"800,001-1,000,000",0.0,0.0,0.0
6113,亞矽,2020-09-26,"more than 1,000,001",5.0,49.69,24868741.0
6113,亞矽,2020-09-26,total,5325.0,100.0,50047100.0
6113,亞矽,2020-09-30,1-999,1987.0,0.63,315682.0
6113,亞矽,2020-09-30,"1,000-5,000",2542.0,10.38,5196217.0
6113,亞矽,2020-09-30,"10,001-15,000",107.0,2.76,1381629.0
6113,亞矽,2020-09-30,"100,001-200,000",23.0,6.25,3130211.0
6113,亞矽,2020-09-30,"15,001-20,000",91.0,3.43,1720356.0
6113,亞矽,2020-09-30,"20,001-30,000",74.0,3.83,1921037.0
6113,亞矽,2020-09-30,"200,001-400,000",5.0,2.74,1375000.0
6113,亞矽,2020-09-30,"30,001-40,000",37.0,2.64,1323005.0
6113,亞矽,2020-09-30,"40,001-50,000",27.0,2.5,1253128.0
6113,亞矽,2020-09-30,"400,001-600,000",0.0,0.0,0.0
6113,亞矽,2020-09-30,"5,001-10,000",403.0,6.86,3437147.0
6113,亞矽,2020-09-30,"50,001-100,000",48.0,6.82,3418199.0
6113,亞矽,2020-09-30,"600,001-800,000",1.0,1.41,706748.0
6113,亞矽,2020-09-30,"800,001-1,000,000",0.0,0.0,0.0
6113,亞矽,2020-09-30,"more than 1,000,001",5.0,49.69,24868741.0
6113,亞矽,2020-09-30,total,5350.0,100.0,50047100.0
6113,亞矽,2020-10-08,1-999,2128.0,0.65,329568.0
6113,亞矽,2020-10-08,"1,000-5,000",2561.0,10.42,5216883.0
6113,亞矽,2020-10-08,"10,001-15,000",102.0,2.63,1317932.0
6113,亞矽,2020-10-08,"100,001-200,000",25.0,6.79,3402211.0
6113,亞矽,2020-10-08,"15,001-20,000",90.0,3.39,1701356.0
6113,亞矽,2020-10-08,"20,001-30,000",81.0,4.16,2086021.0
6113,亞矽,2020-10-08,"200,001-400,000",5.0,2.75,1380000.0
6113,亞矽,2020-10-08,"30,001-40,000",33.0,2.37,1191005.0
6113,亞矽,2020-10-08,"40,001-50,000",29.0,2.71,1359280.0
6113,亞矽,2020-10-08,"400,001-600,000",0.0,0.0,0.0
6113,亞矽,2020-10-08,"5,001-10,000",393.0,6.65,3331156.0
6113,亞矽,2020-10-08,"50,001-100,000",45.0,6.3,3156199.0
6113,亞矽,2020-10-08,"600,001-800,000",1.0,1.41,706748.0
6113,亞矽,2020-10-08,"800,001-1,000,000",0.0,0.0,0.0
6113,亞矽,2020-10-08,"more than 1,000,001",5.0,49.69,24868741.0
6113,亞矽,2020-10-08,total,5498.0,100.0,50047100.0
6113,亞矽,2020-10-16,1-999,2157.0,0.66,331999.0
6113,亞矽,2020-10-16,"1,000-5,000",2583.0,10.5,5258816.0
6113,亞矽,2020-10-16,"10,001-15,000",108.0,2.79,1397930.0
6113,亞矽,2020-10-16,"100,001-200,000",22.0,5.94,2977211.0
6113,亞矽,2020-10-16,"15,001-20,000",93.0,3.51,1760358.0
6113,亞矽,2020-10-16,"20,001-30,000",71.0,3.68,1845910.0
6113,亞矽,2020-10-16,"200,001-400,000",6.0,3.2,1604000.0
6113,亞矽,2020-10-16,"30,001-40,000",36.0,2.6,1304005.0
6113,亞矽,2020-10-16,"40,001-50,000",31.0,2.92,1464952.0
6113,亞矽,2020-10-16,"400,001-600,000",0.0,0.0,0.0
6113,亞矽,2020-10-16,"5,001-10,000",389.0,6.66,3333231.0
6113,亞矽,2020-10-16,"50,001-100,000",44.0,6.38,3193199.0
6113,亞矽,2020-10-16,"600,001-800,000",1.0,1.41,706748.0
6113,亞矽,2020-10-16,"800,001-1,000,000",0.0,0.0,0.0
6113,亞矽,2020-10-16,"more than 1,000,001",5.0,49.69,24868741.0
6113,亞矽,2020-10-16,total,5546.0,100.0,50047100.0
6113,亞矽,2020-10-23,1-999,2166.0,0.66,333587.0
6113,亞矽,2020-10-23,"1,000-5,000",2681.0,10.93,5473259.0
6113,亞矽,2020-10-23,"10,001-15,000",106.0,2.76,1381932.0
6113,亞矽,2020-10-23,"100,001-200,000",20.0,5.48,2745211.0
6113,亞矽,2020-10-23,"15,001-20,000",108.0,4.14,2072927.0
6113,亞矽,2020-10-23,"20,001-30,000",67.0,3.47,1741011.0
6113,亞矽,2020-10-23,"200,001-400,000",6.0,3.09,1551000.0
6113,亞矽,2020-10-23,"30,001-40,000",34.0,2.42,1212005.0
6113,亞矽,2020-10-23,"40,001-50,000",26.0,2.46,1232952.0
6113,亞矽,2020-10-23,"400,001-600,000",0.0,0.0,0.0
6113,亞矽,2020-10-23,"5,001-10,000",429.0,7.25,3629528.0
6113,亞矽,2020-10-23,"50,001-100,000",42.0,6.19,3098199.0
6113,亞矽,2020-10-23,"600,001-800,000",1.0,1.41,706748.0
6113,亞矽,2020-10-23,"800,001-1,000,000",0.0,0.0,0.0
6113,亞矽,2020-10-23,"more than 1,000,001",5.0,49.69,24868741.0
6113,亞矽,2020-10-23,total,5691.0,100.0,50047100.0
6113,亞矽,2020-10-30,1-999,2174.0,0.66,335248.0
6113,亞矽,2020-10-30,"1,000-5,000",2604.0,10.58,5295384.0
6113,亞矽,2020-10-30,"10,001-15,000",111.0,2.89,1450932.0
6113,亞矽,2020-10-30,"100,001-200,000",21.0,5.69,2848986.0
6113,亞矽,2020-10-30,"15,001-20,000",93.0,3.54,1774929.0
6113,亞矽,2020-10-30,"20,001-30,000",76.0,3.91,1958337.0
6113,亞矽,2020-10-30,"200,001-400,000",6.0,3.05,1530000.0
6113,亞矽,2020-10-30,"30,001-40,000",30.0,2.13,1068444.0
6113,亞矽,2020-10-30,"40,001-50,000",28.0,2.62,1314952.0
6113,亞矽,2020-10-30,"400,001-600,000",0.0,0.0,0.0
6113,亞矽,2020-10-30,"5,001-10,000",433.0,7.34,3677200.0
6113,亞矽,2020-10-30,"50,001-100,000",45.0,6.42,3217199.0
6113,亞矽,2020-10-30,"600,001-800,000",1.0,1.41,706748.0
6113,亞矽,2020-10-30,"800,001-1,000,000",0.0,0.0,0.0
6113,亞矽,2020-10-30,"more than 1,000,001",5.0,49.69,24868741.0
6113,亞矽,2020-10-30,total,5627.0,100.0,50047100.0
6113,亞矽,2020-11-06,1-999,2168.0,0.66,334920.0
6113,亞矽,2020-11-06,"1,000-5,000",2485.0,10.03,5024712.0
6113,亞矽,2020-11-06,"5,001-10,000",404.0,6.91,3459200.0
6113,亞矽,2020-11-06,"10,001-15,000",117.0,3.06,1535932.0
6113,亞矽,2020-11-06,"15,001-20,000",96.0,3.66,1833929.0
6113,亞矽,2020-11-06,"20,001-30,000",68.0,3.52,1764792.0
6113,亞矽,2020-11-06,"30,001-40,000",33.0,2.33,1169550.0
6113,亞矽,2020-11-06,"40,001-50,000",29.0,2.71,1360391.0
6113,亞矽,2020-11-06,"50,001-100,000",46.0,6.53,3270199.0
6113,亞矽,2020-11-06,"100,001-200,000",22.0,6.24,3125986.0
6113,亞矽,2020-11-06,"200,001-400,000",6.0,3.18,1592000.0
6113,亞矽,2020-11-06,"400,001-600,000",0.0,0.0,0.0
6113,亞矽,2020-11-06,"600,001-800,000",1.0,1.41,706748.0
6113,亞矽,2020-11-06,"800,001-1,000,000",0.0,0.0,0.0
6113,亞矽,2020-11-06,"more than 1,000,001",5.0,49.69,24868741.0
6113,亞矽,2020-11-06,total,5480.0,100.0,50047100.0
6113,亞矽,2020-11-13,1-999,2169.0,0.66,333773.0
6113,亞矽,2020-11-13,"1,000-5,000",2733.0,11.01,5511366.0
6113,亞矽,2020-11-13,"5,001-10,000",435.0,7.38,3696384.0
6113,亞矽,2020-11-13,"10,001-15,000",118.0,3.1,1555703.0
6113,亞矽,2020-11-13,"15,001-20,000",97.0,3.69,1848929.0
6113,亞矽,2020-11-13,"20,001-30,000",78.0,4.0,2006466.0
6113,亞矽,2020-11-13,"30,001-40,000",30.0,2.17,1090005.0
6113,亞矽,2020-11-13,"40,001-50,000",24.0,2.25,1130800.0
6113,亞矽,2020-11-13,"50,001-100,000",56.0,8.03,4021199.0
6113,亞矽,2020-11-13,"100,001-200,000",16.0,4.22,2113986.0
6113,亞矽,2020-11-13,"200,001-400,000",4.0,2.32,1163000.0
6113,亞矽,2020-11-13,"400,001-600,000",0.0,0.0,0.0
6113,亞矽,2020-11-13,"600,001-800,000",1.0,1.41,706748.0
6113,亞矽,2020-11-13,"800,001-1,000,000",0.0,0.0,0.0
6113,亞矽,2020-11-13,"more than 1,000,001",5.0,49.69,24868741.0
6113,亞矽,2020-11-13,total,5766.0,100.0,50047100.0
6113,亞矽,2020-11-20,1-999,2175.0,0.67,336169.0
6113,亞矽,2020-11-20,"1,000-5,000",2669.0,10.96,5489970.0
6113,亞矽,2020-11-20,"5,001-10,000",438.0,7.42,3715384.0
6113,亞矽,2020-11-20,"10,001-15,000",118.0,3.12,1562375.0
6113,亞矽,2020-11-20,"15,001-20,000",112.0,4.26,2132929.0
6113,亞矽,2020-11-20,"20,001-30,000",80.0,4.09,2050794.0
6113,亞矽,2020-11-20,"30,001-40,000",34.0,2.46,1233005.0
6113,亞矽,2020-11-20,"40,001-50,000",21.0,1.97,990800.0
6113,亞矽,2020-11-20,"50,001-100,000",47.0,6.63,3318199.0
6113,亞矽,2020-11-20,"100,001-200,000",19.0,5.08,2544986.0
6113,亞矽,2020-11-20,"200,001-400,000",4.0,2.19,1097000.0
6113,亞矽,2020-11-20,"400,001-600,000",0.0,0.0,0.0
6113,亞矽,2020-11-20,"600,001-800,000",1.0,1.41,706748.0
6113,亞矽,2020-11-20,"800,001-1,000,000",0.0,0.0,0.0
6113,亞矽,2020-11-20,"more than 1,000,001",5.0,49.69,24868741.0
6113,亞矽,2020-11-20,total,5723.0,100.0,50047100.0
6113,亞矽,2020-11-27,1-999,2169.0,0.67,338401.0
6113,亞矽,2020-11-27,"1,000-5,000",2586.0,10.6,5306838.0
6113,亞矽,2020-11-27,"5,001-10,000",427.0,7.22,3614284.0
6113,亞矽,2020-11-27,"10,001-15,000",120.0,3.17,1588375.0
6113,亞矽,2020-11-27,"15,001-20,000",105.0,3.98,1993257.0
6113,亞矽,2020-11-27,"20,001-30,000",76.0,3.92,1966466.0
6113,亞矽,2020-11-27,"30,001-40,000",37.0,2.7,1355005.0
6113,亞矽,2020-11-27,"40,001-50,000",27.0,2.57,1288800.0
6113,亞矽,2020-11-27,"50,001-100,000",44.0,6.3,3153199.0
6113,亞矽,2020-11-27,"100,001-200,000",22.0,5.81,2907986.0
6113,亞矽,2020-11-27,"200,001-400,000",3.0,1.91,959000.0
6113,亞矽,2020-11-27,"400,001-600,000",0.0,0.0,0.0
6113,亞矽,2020-11-27,"600,001-800,000",1.0,1.41,706748.0
6113,亞矽,2020-11-27,"800,001-1,000,000",0.0,0.0,0.0
6113,亞矽,2020-11-27,"more than 1,000,001",5.0,49.69,24868741.0
6113,亞矽,2020-11-27,total,5622.0,100.0,50047100.0
6113,亞矽,2020-12-04,1-999,2164.0,0.67,338390.0
6113,亞矽,2020-12-04,"1,000-5,000",2492.0,10.23,5121371.0
6113,亞矽,2020-12-04,"5,001-10,000",408.0,6.91,3460284.0
6113,亞矽,2020-12-04,"10,001-15,000",118.0,3.12,1565408.0
6113,亞矽,2020-12-04,"15,001-20,000",103.0,3.89,1950802.0
6113,亞矽,2020-12-04,"20,001-30,000",73.0,3.76,1885466.0
6113,亞矽,2020-12-04,"30,001-40,000",41.0,3.0,1504427.0
6113,亞矽,2020-12-04,"40,001-50,000",24.0,2.23,1118839.0
6113,亞矽,2020-12-04,"50,001-100,000",50.0,6.99,3502638.0
6113,亞矽,2020-12-04,"100,001-200,000",22.0,6.1,3054986.0
6113,亞矽,2020-12-04,"200,001-400,000",3.0,1.83,919000.0
6113,亞矽,2020-12-04,"400,001-600,000",0.0,0.0,0.0
6113,亞矽,2020-12-04,"600,001-800,000",1.0,1.41,706748.0
6113,亞矽,2020-12-04,"800,001-1,000,000",0.0,0.0,0.0
6113,亞矽,2020-12-04,"more than 1,000,001",5.0,49.79,24918741.0
6113,亞矽,2020-12-04,total,5504.0,100.0,50047100.0
6113,亞矽,2020-12-18,1-999,2159.0,0.66,334712.0
6113,亞矽,2020-12-18,"1,000-5,000",2582.0,10.47,5244007.0
6113,亞矽,2020-12-18,"5,001-10,000",398.0,6.75,3378324.0
6113,亞矽,2020-12-18,"10,001-15,000",121.0,3.18,1591981.0
6113,亞矽,2020-12-18,"15,001-20,000",106.0,4.02,2013358.0
6113,亞矽,2020-12-18,"20,001-30,000",76.0,3.94,1973794.0
6113,亞矽,2020-12-18,"30,001-40,000",36.0,2.64,1324005.0
6113,亞矽,2020-12-18,"40,001-50,000",24.0,2.27,1137806.0
6113,亞矽,2020-12-18,"50,001-100,000",51.0,7.06,3535638.0
6113,亞矽,2020-12-18,"100,001-200,000",21.0,5.96,2983986.0
6113,亞矽,2020-12-18,"200,001-400,000",3.0,1.75,880000.0
6113,亞矽,2020-12-18,"400,001-600,000",0.0,0.0,0.0
6113,亞矽,2020-12-18,"600,001-800,000",1.0,1.41,706748.0
6113,亞矽,2020-12-18,"800,001-1,000,000",0.0,0.0,0.0
6113,亞矽,2020-12-18,"more than 1,000,001",5.0,49.83,24942741.0
6113,亞矽,2020-12-18,total,5583.0,100.0,50047100.0
6113,亞矽,2020-12-25,1-999,2164.0,0.67,335350.0
6113,亞矽,2020-12-25,"1,000-5,000",2580.0,10.61,5311292.0
6113,亞矽,2020-12-25,"5,001-10,000",399.0,6.71,3361401.0
6113,亞矽,2020-12-25,"10,001-15,000",119.0,3.12,1565981.0
6113,亞矽,2020-12-25,"15,001-20,000",103.0,3.89,1947358.0
6113,亞矽,2020-12-25,"20,001-30,000",86.0,4.47,2237233.0
6113,亞矽,2020-12-25,"30,001-40,000",38.0,2.75,1380005.0
6113,亞矽,2020-12-25,"40,001-50,000",27.0,2.51,1257806.0
6113,亞矽,2020-12-25,"50,001-100,000",47.0,6.57,3289199.0
6113,亞矽,2020-12-25,"100,001-200,000",22.0,6.13,3067986.0
6113,亞矽,2020-12-25,"200,001-400,000",2.0,1.28,644000.0
6113,亞矽,2020-12-25,"400,001-600,000",0.0,0.0,0.0
6113,亞矽,2020-12-25,"600,001-800,000",1.0,1.41,706748.0
6113,亞矽,2020-12-25,"800,001-1,000,000",0.0,0.0,0.0
6113,亞矽,2020-12-25,"more than 1,000,001",5.0,49.83,24942741.0
6113,亞矽,2020-12-25,total,5593.0,100.0,50047100.0
6113,亞矽,2020-12-31,1-999,2170.0,0.67,340235.0
6113,亞矽,2020-12-31,"1,000-5,000",2545.0,10.37,5192795.0
6113,亞矽,2020-12-31,"5,001-10,000",411.0,6.96,3485491.0
6113,亞矽,2020-12-31,"10,001-15,000",112.0,2.91,1460981.0
6113,亞矽,2020-12-31,"15,001-20,000",106.0,4.01,2007358.0
6113,亞矽,2020-12-31,"20,001-30,000",83.0,4.35,2178794.0
6113,亞矽,2020-12-31,"30,001-40,000",36.0,2.58,1296005.0
6113,亞矽,2020-12-31,"40,001-50,000",27.0,2.55,1280767.0
6113,亞矽,2020-12-31,"50,001-100,000",52.0,7.2,3604199.0
6113,亞矽,2020-12-31,"100,001-200,000",21.0,5.9,2956986.0
6113,亞矽,2020-12-31,"200,001-400,000",2.0,1.18,594000.0
6113,亞矽,2020-12-31,"400,001-600,000",0.0,0.0,0.0
6113,亞矽,2020-12-31,"600,001-800,000",1.0,1.41,706748.0
6113,亞矽,2020-12-31,"800,001-1,000,000",0.0,0.0,0.0
6113,亞矽,2020-12-31,"more than 1,000,001",5.0,49.83,24942741.0
6113,亞矽,2020-12-31,total,5571.0,100.0,50047100.0
6113,亞矽,2021-01-08,1-999,2164.0,0.68,341851.0
6113,亞矽,2021-01-08,"1,000-5,000",2570.0,10.37,5191160.0
6113,亞矽,2021-01-08,"5,001-10,000",388.0,6.57,3290088.0
6113,亞矽,2021-01-08,"10,001-15,000",120.0,3.14,1575403.0
6113,亞矽,2021-01-08,"15,001-20,000",96.0,3.6,1803358.0
6113,亞矽,2021-01-08,"30,001-40,000",40.0,2.92,1464826.0
6113,亞矽,2021-01-08,"40,001-50,000",28.0,2.65,1328524.0
6113,亞矽,2021-01-08,"50,001-100,000",53.0,7.5,3754199.0
6113,亞矽,2021-01-08,"100,001-200,000",21.0,5.88,2945211.0
6113,亞矽,2021-01-08,"200,001-400,000",3.0,1.64,821000.0
6113,亞矽,2021-01-08,"400,001-600,000",0.0,0.0,0.0
6113,亞矽,2021-01-08,"600,001-800,000",1.0,1.24,622748.0
6113,亞矽,2021-01-08,"800,001-1,000,000",0.0,0.0,0.0
6113,亞矽,2021-01-08,"more than 1,000,001",5.0,49.83,24942741.0
6113,亞矽,2021-01-08,total,5564.0,100.0,50047100.0
6113,亞矽,2021-01-08,"20,001-30,000",75.0,3.92,1965991.0
6113,亞矽,2021-01-15,1-999,2152.0,0.67,338262.0
6113,亞矽,2021-01-15,"1,000-5,000",2612.0,10.64,5326753.0
6113,亞矽,2021-01-15,"5,001-10,000",405.0,6.89,3450319.0
6113,亞矽,2021-01-15,"10,001-15,000",120.0,3.13,1567168.0
6113,亞矽,2021-01-15,"15,001-20,000",99.0,3.7,1854358.0
6113,亞矽,2021-01-15,"20,001-30,000",88.0,4.6,2305991.0
6113,亞矽,2021-01-15,"30,001-40,000",33.0,2.39,1200826.0
6113,亞矽,2021-01-15,"40,001-50,000",26.0,2.48,1242524.0
6113,亞矽,2021-01-15,"50,001-100,000",48.0,6.89,3449199.0
6113,亞矽,2021-01-15,"100,001-200,000",22.0,6.16,3085211.0
6113,亞矽,2021-01-15,"200,001-400,000",2.0,1.32,661000.0
6113,亞矽,2021-01-15,"400,001-600,000",0.0,0.0,0.0
6113,亞矽,2021-01-15,"600,001-800,000",1.0,1.24,622748.0
6113,亞矽,2021-01-15,"800,001-1,000,000",0.0,0.0,0.0
6113,亞矽,2021-01-15,"more than 1,000,001",5.0,49.83,24942741.0
6113,亞矽,2021-01-15,total,5613.0,100.0,50047100.0
6113,亞矽,2021-01-22,1-999,2136.0,0.67,335440.0
6113,亞矽,2021-01-22,"1,000-5,000",2538.0,10.43,5224575.0
6113,亞矽,2021-01-22,"5,001-10,000",410.0,6.9,3456319.0
6113,亞矽,2021-01-22,"10,001-15,000",122.0,3.21,1609168.0
6113,亞矽,2021-01-22,"15,001-20,000",104.0,3.84,1922358.0
6113,亞矽,2021-01-22,"20,001-30,000",82.0,4.28,2146991.0
6113,亞矽,2021-01-22,"30,001-40,000",36.0,2.58,1294826.0
6113,亞矽,2021-01-22,"40,001-50,000",31.0,2.92,1463524.0
6113,亞矽,2021-01-22,"50,001-100,000",43.0,6.09,3049199.0
6113,亞矽,2021-01-22,"100,001-200,000",24.0,6.63,3318211.0
6113,亞矽,2021-01-22,"200,001-400,000",2.0,1.32,661000.0
6113,亞矽,2021-01-22,"400,001-600,000",0.0,0.0,0.0
6113,亞矽,2021-01-22,"600,001-800,000",1.0,1.24,622748.0
6113,亞矽,2021-01-22,"800,001-1,000,000",0.0,0.0,0.0
6113,亞矽,2021-01-22,"more than 1,000,001",5.0,49.83,24942741.0
6113,亞矽,2021-01-22,total,5534.0,100.0,50047100.0
6113,亞矽,2021-01-29,1-999,2130.0,0.67,336355.0
6113,亞矽,2021-01-29,"1,000-5,000",2508.0,10.47,5241118.0
6113,亞矽,2021-01-29,"5,001-10,000",392.0,6.61,3311823.0
6113,亞矽,2021-01-29,"10,001-15,000",127.0,3.35,1678728.0
6113,亞矽,2021-01-29,"15,001-20,000",102.0,3.79,1900358.0
6113,亞矽,2021-01-29,"20,001-30,000",75.0,3.89,1946991.0
6113,亞矽,2021-01-29,"30,001-40,000",34.0,2.43,1217826.0
6113,亞矽,2021-01-29,"40,001-50,000",30.0,2.81,1409524.0
6113,亞矽,2021-01-29,"50,001-100,000",48.0,6.62,3316677.0
6113,亞矽,2021-01-29,"100,001-200,000",24.0,6.86,3436211.0
6113,亞矽,2021-01-29,"200,001-400,000",2.0,1.37,686000.0
6113,亞矽,2021-01-29,"400,001-600,000",0.0,0.0,0.0
6113,亞矽,2021-01-29,"600,001-800,000",1.0,1.24,622748.0
6113,亞矽,2021-01-29,"800,001-1,000,000",0.0,0.0,0.0
6113,亞矽,2021-01-29,"more than 1,000,001",5.0,49.83,24942741.0
6113,亞矽,2021-01-29,total,5478.0,100.0,50047100.0
6113,亞矽,2021-02-05,1-999,2122.0,0.67,336586.0
6113,亞矽,2021-02-05,"1,000-5,000",2463.0,10.22,5114891.0
6113,亞矽,2021-02-05,"5,001-10,000",387.0,6.51,3261379.0
6113,亞矽,2021-02-05,"10,001-15,000",128.0,3.34,1675746.0
6113,亞矽,2021-02-05,"15,001-20,000",107.0,3.98,1993780.0
6113,亞矽,2021-02-05,"20,001-30,000",73.0,3.78,1894991.0
6113,亞矽,2021-02-05,"30,001-40,000",37.0,2.68,1344826.0
6113,亞矽,2021-02-05,"40,001-50,000",27.0,2.54,1275524.0
6113,亞矽,2021-02-05,"50,001-100,000",47.0,6.42,3215677.0
6113,亞矽,2021-02-05,"100,001-200,000",23.0,6.62,3315211.0
6113,亞矽,2021-02-05,"200,001-400,000",2.0,1.39,696000.0
6113,亞矽,2021-02-05,"400,001-600,000",0.0,0.0,0.0
6113,亞矽,2021-02-05,"600,001-800,000",1.0,1.24,622748.0
6113,亞矽,2021-02-05,"800,001-1,000,000",0.0,0.0,0.0
6113,亞矽,2021-02-05,"more than 1,000,001",5.0,50.55,25299741.0
6113,亞矽,2021-02-05,total,5422.0,100.0,50047100.0
6113,亞矽,2021-02-09,1-999,2122.0,0.67,336586.0
6113,亞矽,2021-02-09,"1,000-5,000",2452.0,10.18,5095891.0
6113,亞矽,2021-02-09,"5,001-10,000",388.0,6.53,3269379.0
6113,亞矽,2021-02-09,"10,001-15,000",130.0,3.42,1712746.0
6113,亞矽,2021-02-09,"15,001-20,000",102.0,3.8,1903780.0
6113,亞矽,2021-02-09,"20,001-30,000",77.0,3.96,1985991.0
6113,亞矽,2021-02-09,"30,001-40,000",38.0,2.74,1371826.0
6113,亞矽,2021-02-09,"40,001-50,000",26.0,2.45,1226524.0
6113,亞矽,2021-02-09,"50,001-100,000",47.0,6.39,3200677.0
6113,亞矽,2021-02-09,"100,001-200,000",23.0,6.63,3318211.0
6113,亞矽,2021-02-09,"200,001-400,000",2.0,1.39,696000.0
6113,亞矽,2021-02-09,"400,001-600,000",0.0,0.0,0.0
6113,亞矽,2021-02-09,"600,001-800,000",1.0,1.24,622748.0
6113,亞矽,2021-02-09,"800,001-1,000,000",0.0,0.0,0.0
6113,亞矽,2021-02-09,"more than 1,000,001",5.0,50.56,25306741.0
6113,亞矽,2021-02-09,total,5413.0,100.0,50047100.0
6113,亞矽,2021-02-20,1-999,2127.0,0.67,336862.0
6113,亞矽,2021-02-20,"1,000-5,000",2435.0,10.14,5078175.0
6113,亞矽,2021-02-20,"5,001-10,000",383.0,6.47,3239819.0
6113,亞矽,2021-02-20,"10,001-15,000",129.0,3.39,1699746.0
6113,亞矽,2021-02-20,"15,001-20,000",103.0,3.83,1920780.0
6113,亞矽,2021-02-20,"20,001-30,000",78.0,4.03,2016991.0
6113,亞矽,2021-02-20,"30,001-40,000",38.0,2.71,1358826.0
6113,亞矽,2021-02-20,"40,001-50,000",28.0,2.64,1322524.0
6113,亞矽,2021-02-20,"50,001-100,000",46.0,6.25,3128677.0
6113,亞矽,2021-02-20,"100,001-200,000",23.0,6.63,3319211.0
6113,亞矽,2021-02-20,"200,001-400,000",2.0,1.39,696000.0
6113,亞矽,2021-02-20,"400,001-600,000",0.0,0.0,0.0
6113,亞矽,2021-02-20,"600,001-800,000",1.0,1.24,622748.0
6113,亞矽,2021-02-20,"800,001-1,000,000",0.0,0.0,0.0
6113,亞矽,2021-02-20,"more than 1,000,001",5.0,50.56,25306741.0
6113,亞矽,2021-02-20,total,5398.0,100.0,50047100.0
6113,亞矽,2021-02-26,1-999,2113.0,0.66,333626.0
6113,亞矽,2021-02-26,"1,000-5,000",2515.0,10.46,5237483.0
6113,亞矽,2021-02-26,"5,001-10,000",379.0,6.4,3204747.0
6113,亞矽,2021-02-26,"10,001-15,000",124.0,3.29,1646746.0
6113,亞矽,2021-02-26,"15,001-20,000",103.0,3.82,1916780.0
6113,亞矽,2021-02-26,"20,001-30,000",72.0,3.74,1871991.0
6113,亞矽,2021-02-26,"30,001-40,000",39.0,2.81,1410826.0
6113,亞矽,2021-02-26,"40,001-50,000",28.0,2.62,1314524.0
6113,亞矽,2021-02-26,"50,001-100,000",46.0,6.35,3179677.0
6113,亞矽,2021-02-26,"100,001-200,000",21.0,6.14,3075211.0
6113,亞矽,2021-02-26,"200,001-400,000",3.0,1.85,926000.0
6113,亞矽,2021-02-26,"400,001-600,000",0.0,0.0,0.0
6113,亞矽,2021-02-26,"600,001-800,000",1.0,1.24,622748.0
6113,亞矽,2021-02-26,"800,001-1,000,000",0.0,0.0,0.0
6113,亞矽,2021-02-26,"more than 1,000,001",5.0,50.56,25306741.0
6113,亞矽,2021-02-26,total,5449.0,100.0,50047100.0
6113,亞矽,2021-03-05,1-999,2106.0,0.66,332233.0
6113,亞矽,2021-03-05,"1,000-5,000",2516.0,10.46,5237876.0
6113,亞矽,2021-03-05,"5,001-10,000",375.0,6.33,3171747.0
6113,亞矽,2021-03-05,"10,001-15,000",118.0,3.12,1564746.0
6113,亞矽,2021-03-05,"15,001-20,000",103.0,3.85,1928780.0
6113,亞矽,2021-03-05,"20,001-30,000",74.0,3.79,1898991.0
6113,亞矽,2021-03-05,"30,001-40,000",37.0,2.67,1339826.0
6113,亞矽,2021-03-05,"40,001-50,000",30.0,2.82,1413963.0
6113,亞矽,2021-03-05,"50,001-100,000",47.0,6.52,3265238.0
6113,亞矽,2021-03-05,"100,001-200,000",21.0,6.07,3038211.0
6113,亞矽,2021-03-05,"200,001-400,000",3.0,1.85,926000.0
6113,亞矽,2021-03-05,"400,001-600,000",0.0,0.0,0.0
6113,亞矽,2021-03-05,"600,001-800,000",1.0,1.24,622748.0
6113,亞矽,2021-03-05,"800,001-1,000,000",0.0,0.0,0.0
6113,亞矽,2021-03-05,"more than 1,000,001",5.0,50.56,25306741.0
6113,亞矽,2021-03-05,total,5436.0,100.0,50047100.0
6113,亞矽,2021-03-12,1-999,2094.0,0.66,332742.0
6113,亞矽,2021-03-12,"1,000-5,000",2502.0,10.4,5208181.0
6113,亞矽,2021-03-12,"5,001-10,000",375.0,6.3,3155833.0
6113,亞矽,2021-03-12,"10,001-15,000",124.0,3.26,1631846.0
6113,亞矽,2021-03-12,"15,001-20,000",98.0,3.66,1835780.0
6113,亞矽,2021-03-12,"20,001-30,000",78.0,4.01,2006991.0
6113,亞矽,2021-03-12,"30,001-40,000",38.0,2.72,1361826.0
6113,亞矽,2021-03-12,"40,001-50,000",31.0,2.93,1466963.0
6113,亞矽,2021-03-12,"50,001-100,000",48.0,6.61,3312238.0
6113,亞矽,2021-03-12,"100,001-200,000",20.0,5.75,2879211.0
6113,亞矽,2021-03-12,"200,001-400,000",3.0,1.85,926000.0
6113,亞矽,2021-03-12,"400,001-600,000",0.0,0.0,0.0
6113,亞矽,2021-03-12,"600,001-800,000",1.0,1.24,622748.0
6113,亞矽,2021-03-12,"800,001-1,000,000",0.0,0.0,0.0
6113,亞矽,2021-03-12,"more than 1,000,001",5.0,50.56,25306741.0
6113,亞矽,2021-03-12,total,5417.0,100.0,50047100.0
6113,亞矽,2021-03-19,1-999,2116.0,0.67,336101.0
6113,亞矽,2021-03-19,"1,000-5,000",2531.0,10.42,5218861.0
6113,亞矽,2021-03-19,"5,001-10,000",373.0,6.31,3160745.0
6113,亞矽,2021-03-19,"10,001-15,000",116.0,3.03,1520895.0
6113,亞矽,2021-03-19,"15,001-20,000",101.0,3.8,1906780.0
6113,亞矽,2021-03-19,"20,001-30,000",77.0,3.97,1990991.0
6113,亞矽,2021-03-19,"30,001-40,000",39.0,2.83,1417826.0
6113,亞矽,2021-03-19,"40,001-50,000",29.0,2.72,1365963.0
6113,亞矽,2021-03-19,"50,001-100,000",48.0,6.76,3387238.0
6113,亞矽,2021-03-19,"100,001-200,000",20.0,5.74,2876211.0
6113,亞矽,2021-03-19,"200,001-400,000",3.0,1.87,936000.0
6113,亞矽,2021-03-19,"400,001-600,000",0.0,0.0,0.0
6113,亞矽,2021-03-19,"600,001-800,000",1.0,1.24,622748.0
6113,亞矽,2021-03-19,"800,001-1,000,000",0.0,0.0,0.0
6113,亞矽,2021-03-19,"more than 1,000,001",5.0,50.56,25306741.0
6113,亞矽,2021-03-19,total,5459.0,100.0,50047100.0
6113,亞矽,2021-03-26,1-999,2122.0,0.67,337139.0
6113,亞矽,2021-03-26,"1,000-5,000",2529.0,10.52,5265919.0
6113,亞矽,2021-03-26,"5,001-10,000",373.0,6.35,3180745.0
6113,亞矽,2021-03-26,"10,001-15,000",115.0,3.0,1504799.0
6113,亞矽,2021-03-26,"15,001-20,000",96.0,3.6,1804780.0
6113,亞矽,2021-03-26,"20,001-30,000",75.0,3.86,1933991.0
6113,亞矽,2021-03-26,"30,001-40,000",37.0,2.68,1344826.0
6113,亞矽,2021-03-26,"40,001-50,000",28.0,2.62,1313524.0
6113,亞矽,2021-03-26,"50,001-100,000",50.0,6.94,3474677.0
6113,亞矽,2021-03-26,"100,001-200,000",19.0,5.52,2765211.0
6113,亞矽,2021-03-26,"200,001-400,000",4.0,2.38,1192000.0
6113,亞矽,2021-03-26,"400,001-600,000",0.0,0.0,0.0
6113,亞矽,2021-03-26,"600,001-800,000",1.0,1.24,622748.0
6113,亞矽,2021-03-26,"800,001-1,000,000",0.0,0.0,0.0
6113,亞矽,2021-03-26,"more than 1,000,001",5.0,50.56,25306741.0
6113,亞矽,2021-03-26,total,5454.0,100.0,50047100.0
6113,亞矽,2021-04-01,1-999,2114.0,0.67,335967.0
6113,亞矽,2021-04-01,"1,000-5,000",2506.0,10.41,5212971.0
6113,亞矽,2021-04-01,"5,001-10,000",372.0,6.31,3159865.0
6113,亞矽,2021-04-01,"10,001-15,000",119.0,3.11,1560799.0
6113,亞矽,2021-04-01,"15,001-20,000",96.0,3.61,1806780.0
6113,亞矽,2021-04-01,"20,001-30,000",74.0,3.81,1908991.0
6113,亞矽,2021-04-01,"30,001-40,000",39.0,2.83,1418826.0
6113,亞矽,2021-04-01,"40,001-50,000",28.0,2.63,1317979.0
6113,亞矽,2021-04-01,"50,001-100,000",51.0,7.07,3540222.0
6113,亞矽,2021-04-01,"100,001-200,000",18.0,5.26,2633211.0
6113,亞矽,2021-04-01,"200,001-400,000",4.0,2.44,1222000.0
6113,亞矽,2021-04-01,"400,001-600,000",0.0,0.0,0.0
6113,亞矽,2021-04-01,"600,001-800,000",1.0,1.24,622748.0
6113,亞矽,2021-04-01,"800,001-1,000,000",0.0,0.0,0.0
6113,亞矽,2021-04-01,"more than 1,000,001",5.0,50.56,25306741.0
6113,亞矽,2021-04-01,total,5427.0,100.0,50047100.0
6113,亞矽,2021-04-09,1-999,2116.0,0.67,335838.0
6113,亞矽,2021-04-09,"1,000-5,000",2477.0,10.16,5085347.0
6113,亞矽,2021-04-09,"5,001-10,000",371.0,6.33,3172745.0
6113,亞矽,2021-04-09,"10,001-15,000",108.0,2.82,1412799.0
6113,亞矽,2021-04-09,"15,001-20,000",95.0,3.57,1790780.0
6113,亞矽,2021-04-09,"20,001-30,000",71.0,3.69,1849663.0
6113,亞矽,2021-04-09,"30,001-40,000",35.0,2.53,1270826.0
6113,亞矽,2021-04-09,"40,001-50,000",29.0,2.73,1369979.0
6113,亞矽,2021-04-09,"50,001-100,000",53.0,7.43,3722423.0
6113,亞矽,2021-04-09,"100,001-200,000",18.0,5.22,2617211.0
6113,亞矽,2021-04-09,"200,001-400,000",5.0,2.95,1479000.0
6113,亞矽,2021-04-09,"400,001-600,000",0.0,0.0,0.0
6113,亞矽,2021-04-09,"600,001-800,000",1.0,1.23,618748.0
6113,亞矽,2021-04-09,"800,001-1,000,000",0.0,0.0,0.0
6113,亞矽,2021-04-09,"more than 1,000,001",5.0,50.59,25321741.0
6113,亞矽,2021-04-09,total,5384.0,100.0,50047100.0
6113,亞矽,2021-04-16,1-999,2113.0,0.67,337549.0
6113,亞矽,2021-04-16,"1,000-5,000",2930.0,11.81,5911142.0
6113,亞矽,2021-04-16,"5,001-10,000",411.0,7.04,3526551.0
6113,亞矽,2021-04-16,"10,001-15,000",112.0,2.94,1473731.0
6113,亞矽,2021-04-16,"15,001-20,000",100.0,3.83,1920215.0
6113,亞矽,2021-04-16,"20,001-30,000",70.0,3.63,1819663.0
6113,亞矽,2021-04-16,"30,001-40,000",38.0,2.78,1396005.0
6113,亞矽,2021-04-16,"40,001-50,000",25.0,2.34,1175800.0
6113,亞矽,2021-04-16,"50,001-100,000",40.0,5.48,2742744.0
6113,亞矽,2021-04-16,"100,001-200,000",14.0,3.98,1994211.0
6113,亞矽,2021-04-16,"200,001-400,000",6.0,3.64,1824000.0
6113,亞矽,2021-04-16,"400,001-600,000",0.0,0.0,0.0
6113,亞矽,2021-04-16,"600,001-800,000",1.0,1.2,603748.0
6113,亞矽,2021-04-16,"800,001-1,000,000",0.0,0.0,0.0
6113,亞矽,2021-04-16,"more than 1,000,001",5.0,50.59,25321741.0
6113,亞矽,2021-04-16,total,5865.0,100.0,50047100.0
